 0.98 380 1.10 1.3830 2.524e-06 0.0441 3.857e-10
 0.98 380 1.20 1.0670 2.611e-06 0.0387 1.976e-10
 0.98 380 1.30 0.8311 2.698e-06 0.0342 1.262e-10
 0.98 380 1.40 0.6522 2.785e-06 0.0304 8.832e-11
 0.98 380 1.50 0.5153 2.872e-06 0.0273 6.508e-11
 0.98 380 1.60 0.4095 2.959e-06 0.0246 4.966e-11
 0.98 380 1.70 0.3274 3.045e-06 0.0223 3.887e-11
 0.98 380 1.80 0.2631 3.132e-06 0.0204 3.103e-11
 0.98 380 1.90 0.2125 3.219e-06 0.0187 2.518e-11
 0.98 380 2.00 0.1725 3.263e-06 0.0172 2.071e-11
 0.98 380 2.10 0.1407 3.349e-06 0.0159 1.722e-11
 0.98 380 2.20 0.1153 3.436e-06 0.0147 1.447e-11
 0.98 380 2.30 0.0949 3.480e-06 0.0137 1.226e-11
 0.98 380 2.40 0.0785 3.567e-06 0.0128 1.048e-11
 0.98 380 2.50 0.0652 3.610e-06 0.0120 9.010e-12
 0.98 380 2.60 0.0544 3.697e-06 0.0112 7.799e-12
 0.98 380 2.70 0.0456 3.740e-06 0.0106 6.790e-12
 0.98 380 2.80 0.0384 3.827e-06 0.0100 5.942e-12
 0.98 380 2.90 0.0325 3.871e-06 0.0094 5.226e-12
 0.98 380 3.00 0.0276 3.958e-06 0.0089 4.616e-12
 0.98 380 3.10 0.0236 4.001e-06 0.0084 4.095e-12
 0.98 380 3.20 0.0203 4.044e-06 0.0080 3.646e-12
 0.98 380 3.30 0.0175 4.088e-06 0.0076 3.258e-12
 0.98 380 3.40 0.0152 4.175e-06 0.0073 2.921e-12
 0.98 380 3.50 0.0133 4.218e-06 0.0069 2.628e-12
 0.98 380 3.60 0.0117 4.262e-06 0.0066 2.370e-12
 0.98 380 3.70 0.0104 4.305e-06 0.0063 2.144e-12
 0.98 380 3.80 0.0093 4.348e-06 0.0061 1.945e-12
 0.98 380 3.90 0.0083 4.435e-06 0.0058 1.768e-12
 0.98 380 4.00 0.0075 4.479e-06 0.0056 1.611e-12
 0.98 380 4.10 0.0068 4.522e-06 0.0053 1.472e-12
 0.98 380 4.20 0.0063 4.566e-06 0.0051 1.347e-12
 0.98 380 4.30 0.0058 4.609e-06 0.0049 1.236e-12
 0.98 380 4.40 0.0054 4.653e-06 0.0048 1.135e-12
 0.98 380 4.50 0.0050 4.696e-06 0.0046 1.045e-12
 0.98 380 4.60 0.0047 4.739e-06 0.0044 9.641e-13
 0.98 380 4.70 0.0045 4.783e-06 0.0043 8.907e-13
 0.98 380 4.80 0.0042 4.826e-06 0.0041 8.242e-13
 0.98 380 4.90 0.0040 4.870e-06 0.0040 7.638e-13
 0.98 380 5.00 0.0039 4.913e-06 0.0039 7.089e-13
 0.98 380 5.10 0.0037 4.957e-06 0.0037 6.589e-13
 0.98 380 5.20 0.0036 5.000e-06 0.0036 6.133e-13
 0.98 380 5.30 0.0035 5.000e-06 0.0035 5.716e-13
 0.98 380 5.40 0.0034 5.000e-06 0.0034 5.334e-13
 0.98 380 5.50 0.0034 5.000e-06 0.0034 4.984e-13
 0.98 400 1.10 2.1225 2.351e-06 0.0535 3.857e-10
 0.98 400 1.20 1.6627 2.437e-06 0.0470 1.976e-10
 0.98 400 1.30 1.3156 2.568e-06 0.0416 1.262e-10
 0.98 400 1.40 1.0486 2.655e-06 0.0370 8.832e-11
 0.98 400 1.50 0.8410 2.698e-06 0.0332 6.508e-11
 0.98 400 1.60 0.6783 2.785e-06 0.0300 4.966e-11
 0.98 400 1.70 0.5499 2.872e-06 0.0272 3.887e-11
 0.98 400 1.80 0.4479 2.959e-06 0.0248 3.103e-11
 0.98 400 1.90 0.3665 3.045e-06 0.0228 2.518e-11
 0.98 400 2.00 0.3012 3.089e-06 0.0210 2.071e-11
 0.98 400 2.10 0.2486 3.176e-06 0.0194 1.722e-11
 0.98 400 2.20 0.2060 3.219e-06 0.0180 1.447e-11
 0.98 400 2.30 0.1713 3.306e-06 0.0168 1.226e-11
 0.98 400 2.40 0.1430 3.349e-06 0.0156 1.048e-11
 0.98 400 2.50 0.1198 3.436e-06 0.0146 9.010e-12
 0.98 400 2.60 0.1007 3.480e-06 0.0137 7.799e-12
 0.98 400 2.70 0.0850 3.567e-06 0.0129 6.790e-12
 0.98 400 2.80 0.0720 3.610e-06 0.0122 5.942e-12
 0.98 400 2.90 0.0611 3.654e-06 0.0115 5.226e-12
 0.98 400 3.00 0.0521 3.740e-06 0.0109 4.616e-12
 0.98 400 3.10 0.0446 3.784e-06 0.0103 4.095e-12
 0.98 400 3.20 0.0383 3.827e-06 0.0098 3.646e-12
 0.98 400 3.30 0.0330 3.871e-06 0.0093 3.258e-12
 0.98 400 3.40 0.0286 3.914e-06 0.0089 2.921e-12
 0.98 400 3.50 0.0248 4.001e-06 0.0085 2.628e-12
 0.98 400 3.60 0.0217 4.044e-06 0.0081 2.370e-12
 0.98 400 3.70 0.0190 4.088e-06 0.0077 2.144e-12
 0.98 400 3.80 0.0167 4.131e-06 0.0074 1.945e-12
 0.98 400 3.90 0.0148 4.175e-06 0.0071 1.768e-12
 0.98 400 4.00 0.0131 4.218e-06 0.0068 1.611e-12
 0.98 400 4.10 0.0117 4.262e-06 0.0066 1.472e-12
 0.98 400 4.20 0.0105 4.305e-06 0.0063 1.347e-12
 0.98 400 4.30 0.0095 4.348e-06 0.0061 1.236e-12
 0.98 400 4.40 0.0086 4.392e-06 0.0058 1.135e-12
 0.98 400 4.50 0.0078 4.435e-06 0.0056 1.045e-12
 0.98 400 4.60 0.0072 4.479e-06 0.0054 9.641e-13
 0.98 400 4.70 0.0066 4.522e-06 0.0053 8.907e-13
 0.98 400 4.80 0.0061 4.566e-06 0.0051 8.242e-13
 0.98 400 4.90 0.0057 4.609e-06 0.0049 7.638e-13
 0.98 400 5.00 0.0054 4.653e-06 0.0047 7.089e-13
 0.98 400 5.10 0.0050 4.696e-06 0.0046 6.589e-13
 0.98 400 5.20 0.0048 4.739e-06 0.0045 6.133e-13
 0.98 400 5.30 0.0045 4.783e-06 0.0043 5.716e-13
 0.98 400 5.40 0.0043 4.826e-06 0.0042 5.334e-13
 0.98 400 5.50 0.0041 4.870e-06 0.0041 4.984e-13
 0.98 420 1.10 3.1309 2.220e-06 0.0641 3.857e-10
 0.98 420 1.20 2.4868 2.307e-06 0.0565 1.976e-10
 0.98 420 1.30 1.9960 2.394e-06 0.0500 1.262e-10
 0.98 420 1.40 1.6135 2.481e-06 0.0445 8.832e-11
 0.98 420 1.50 1.3121 2.568e-06 0.0400 6.508e-11
 0.98 420 1.60 1.0725 2.655e-06 0.0361 4.966e-11
 0.98 420 1.70 0.8809 2.741e-06 0.0328 3.887e-11
 0.98 420 1.80 0.7267 2.785e-06 0.0300 3.103e-11
 0.98 420 1.90 0.6019 2.872e-06 0.0275 2.518e-11
 0.98 420 2.00 0.5005 2.915e-06 0.0254 2.071e-11
 0.98 420 2.10 0.4177 3.002e-06 0.0234 1.722e-11
 0.98 420 2.20 0.3499 3.045e-06 0.0218 1.447e-11
 0.98 420 2.30 0.2940 3.132e-06 0.0203 1.226e-11
 0.98 420 2.40 0.2479 3.176e-06 0.0189 1.048e-11
 0.98 420 2.50 0.2096 3.263e-06 0.0177 9.010e-12
 0.98 420 2.60 0.1778 3.306e-06 0.0166 7.799e-12
 0.98 420 2.70 0.1512 3.349e-06 0.0156 6.790e-12
 0.98 420 2.80 0.1290 3.436e-06 0.0148 5.942e-12
 0.98 420 2.90 0.1104 3.480e-06 0.0139 5.226e-12
 0.98 420 3.00 0.0947 3.523e-06 0.0132 4.616e-12
 0.98 420 3.10 0.0815 3.567e-06 0.0125 4.095e-12
 0.98 420 3.20 0.0703 3.610e-06 0.0119 3.646e-12
 0.98 420 3.30 0.0608 3.697e-06 0.0113 3.258e-12
 0.98 420 3.40 0.0527 3.740e-06 0.0108 2.921e-12
 0.98 420 3.50 0.0459 3.784e-06 0.0103 2.628e-12
 0.98 420 3.60 0.0400 3.827e-06 0.0098 2.370e-12
 0.98 420 3.70 0.0350 3.871e-06 0.0094 2.144e-12
 0.98 420 3.80 0.0307 3.914e-06 0.0090 1.945e-12
 0.98 420 3.90 0.0271 3.958e-06 0.0086 1.768e-12
 0.98 420 4.00 0.0239 4.001e-06 0.0083 1.611e-12
 0.98 420 4.10 0.0212 4.044e-06 0.0080 1.472e-12
 0.98 420 4.20 0.0188 4.088e-06 0.0077 1.347e-12
 0.98 420 4.30 0.0168 4.131e-06 0.0074 1.236e-12
 0.98 420 4.40 0.0151 4.175e-06 0.0071 1.135e-12
 0.98 420 4.50 0.0135 4.218e-06 0.0068 1.045e-12
 0.98 420 4.60 0.0122 4.262e-06 0.0066 9.641e-13
 0.98 420 4.70 0.0111 4.305e-06 0.0064 8.907e-13
 0.98 420 4.80 0.0101 4.348e-06 0.0062 8.242e-13
 0.98 420 4.90 0.0092 4.392e-06 0.0060 7.638e-13
 0.98 420 5.00 0.0084 4.435e-06 0.0058 7.089e-13
 0.98 420 5.10 0.0078 4.435e-06 0.0056 6.589e-13
 0.98 420 5.20 0.0072 4.479e-06 0.0054 6.133e-13
 0.98 420 5.30 0.0067 4.522e-06 0.0052 5.716e-13
 0.98 420 5.40 0.0062 4.566e-06 0.0051 5.334e-13
 0.98 420 5.50 0.0058 4.609e-06 0.0049 4.984e-13
 0.94 380 1.10 0.4441 2.741e-06 0.0335 1.157e-09
 0.94 380 1.20 0.3431 2.828e-06 0.0294 5.929e-10
 0.94 380 1.30 0.2677 2.959e-06 0.0260 3.787e-10
 0.94 380 1.40 0.2105 3.045e-06 0.0231 2.650e-10
 0.94 380 1.50 0.1667 3.132e-06 0.0207 1.953e-10
 0.94 380 1.60 0.1329 3.219e-06 0.0187 1.490e-10
 0.94 380 1.70 0.1066 3.306e-06 0.0170 1.166e-10
 0.94 380 1.80 0.0860 3.393e-06 0.0155 9.310e-11
 0.94 380 1.90 0.0699 3.480e-06 0.0142 7.554e-11
 0.94 380 2.00 0.0571 3.567e-06 0.0131 6.212e-11
 0.94 380 2.10 0.0469 3.654e-06 0.0121 5.167e-11
 0.94 380 2.20 0.0388 3.740e-06 0.0112 4.341e-11
 0.94 380 2.30 0.0323 3.784e-06 0.0104 3.679e-11
 0.94 380 2.40 0.0270 3.871e-06 0.0097 3.143e-11
 0.94 380 2.50 0.0228 3.958e-06 0.0091 2.703e-11
 0.94 380 2.60 0.0193 4.001e-06 0.0085 2.340e-11
 0.94 380 2.70 0.0165 4.088e-06 0.0080 2.037e-11
 0.94 380 2.80 0.0142 4.131e-06 0.0076 1.783e-11
 0.94 380 2.90 0.0123 4.218e-06 0.0072 1.568e-11
 0.94 380 3.00 0.0108 4.262e-06 0.0068 1.385e-11
 0.94 380 3.10 0.0095 4.348e-06 0.0064 1.228e-11
 0.94 380 3.20 0.0084 4.392e-06 0.0061 1.094e-11
 0.94 380 3.30 0.0075 4.435e-06 0.0058 9.775e-12
 0.94 380 3.40 0.0068 4.522e-06 0.0055 8.764e-12
 0.94 380 3.50 0.0062 4.566e-06 0.0053 7.883e-12
 0.94 380 3.60 0.0057 4.609e-06 0.0050 7.111e-12
 0.94 380 3.70 0.0053 4.696e-06 0.0048 6.432e-12
 0.94 380 3.80 0.0049 4.739e-06 0.0046 5.834e-12
 0.94 380 3.90 0.0046 4.783e-06 0.0044 5.304e-12
 0.94 380 4.00 0.0043 4.826e-06 0.0042 4.834e-12
 0.94 380 4.10 0.0041 4.913e-06 0.0041 4.415e-12
 0.94 380 4.20 0.0039 4.957e-06 0.0039 4.042e-12
 0.94 380 4.30 0.0038 5.000e-06 0.0038 3.707e-12
 0.94 380 4.40 0.0036 5.000e-06 0.0036 3.406e-12
 0.94 380 4.50 0.0035 5.000e-06 0.0035 3.136e-12
 0.94 380 4.60 0.0034 5.000e-06 0.0034 2.892e-12
 0.94 380 4.70 0.0034 5.000e-06 0.0034 2.672e-12
 0.94 380 4.80 0.0033 5.000e-06 0.0033 2.472e-12
 0.94 380 4.90 0.0032 5.000e-06 0.0032 2.291e-12
 0.94 380 5.00 0.0032 5.000e-06 0.0032 2.127e-12
 0.94 380 5.10 0.0031 5.000e-06 0.0031 1.977e-12
 0.94 380 5.20 0.0031 5.000e-06 0.0031 1.840e-12
 0.94 380 5.30 0.0031 5.000e-06 0.0031 1.715e-12
 0.94 380 5.40 0.0030 5.000e-06 0.0030 1.600e-12
 0.94 380 5.50 0.0030 5.000e-06 0.0030 1.495e-12
 0.94 400 1.10 0.6805 2.568e-06 0.0408 1.157e-09
 0.94 400 1.20 0.5335 2.698e-06 0.0358 5.929e-10
 0.94 400 1.30 0.4226 2.785e-06 0.0317 3.787e-10
 0.94 400 1.40 0.3372 2.872e-06 0.0282 2.650e-10
 0.94 400 1.50 0.2708 2.959e-06 0.0253 1.953e-10
 0.94 400 1.60 0.2188 3.045e-06 0.0228 1.490e-10
 0.94 400 1.70 0.1777 3.132e-06 0.0207 1.166e-10
 0.94 400 1.80 0.1451 3.219e-06 0.0189 9.310e-11
 0.94 400 1.90 0.1191 3.306e-06 0.0174 7.554e-11
 0.94 400 2.00 0.0982 3.393e-06 0.0160 6.212e-11
 0.94 400 2.10 0.0814 3.436e-06 0.0148 5.167e-11
 0.94 400 2.20 0.0678 3.523e-06 0.0137 4.341e-11
 0.94 400 2.30 0.0567 3.610e-06 0.0128 3.679e-11
 0.94 400 2.40 0.0476 3.654e-06 0.0119 3.143e-11
 0.94 400 2.50 0.0402 3.740e-06 0.0112 2.703e-11
 0.94 400 2.60 0.0341 3.784e-06 0.0105 2.340e-11
 0.94 400 2.70 0.0291 3.871e-06 0.0099 2.037e-11
 0.94 400 2.80 0.0249 3.914e-06 0.0093 1.783e-11
 0.94 400 2.90 0.0215 3.958e-06 0.0088 1.568e-11
 0.94 400 3.00 0.0186 4.044e-06 0.0083 1.385e-11
 0.94 400 3.10 0.0162 4.088e-06 0.0079 1.228e-11
 0.94 400 3.20 0.0142 4.175e-06 0.0075 1.094e-11
 0.94 400 3.30 0.0125 4.218e-06 0.0071 9.775e-12
 0.94 400 3.40 0.0111 4.262e-06 0.0068 8.764e-12
 0.94 400 3.50 0.0099 4.305e-06 0.0065 7.883e-12
 0.94 400 3.60 0.0089 4.392e-06 0.0062 7.111e-12
 0.94 400 3.70 0.0080 4.435e-06 0.0059 6.432e-12
 0.94 400 3.80 0.0073 4.479e-06 0.0057 5.834e-12
 0.94 400 3.90 0.0067 4.522e-06 0.0054 5.304e-12
 0.94 400 4.00 0.0061 4.566e-06 0.0052 4.834e-12
 0.94 400 4.10 0.0057 4.609e-06 0.0050 4.415e-12
 0.94 400 4.20 0.0053 4.696e-06 0.0048 4.042e-12
 0.94 400 4.30 0.0050 4.739e-06 0.0046 3.707e-12
 0.94 400 4.40 0.0047 4.783e-06 0.0045 3.406e-12
 0.94 400 4.50 0.0044 4.826e-06 0.0043 3.136e-12
 0.94 400 4.60 0.0042 4.870e-06 0.0042 2.892e-12
 0.94 400 4.70 0.0041 4.913e-06 0.0040 2.672e-12
 0.94 400 4.80 0.0039 4.957e-06 0.0039 2.472e-12
 0.94 400 4.90 0.0038 5.000e-06 0.0038 2.291e-12
 0.94 400 5.00 0.0036 5.000e-06 0.0036 2.127e-12
 0.94 400 5.10 0.0035 5.000e-06 0.0035 1.977e-12
 0.94 400 5.20 0.0035 5.000e-06 0.0035 1.840e-12
 0.94 400 5.30 0.0034 5.000e-06 0.0034 1.715e-12
 0.94 400 5.40 0.0033 5.000e-06 0.0033 1.600e-12
 0.94 400 5.50 0.0033 5.000e-06 0.0033 1.495e-12
 0.94 420 1.10 1.0030 2.437e-06 0.0491 1.157e-09
 0.94 420 1.20 0.7970 2.524e-06 0.0432 5.929e-10
 0.94 420 1.30 0.6401 2.611e-06 0.0383 3.787e-10
 0.94 420 1.40 0.5178 2.741e-06 0.0341 2.650e-10
 0.94 420 1.50 0.4214 2.828e-06 0.0306 1.953e-10
 0.94 420 1.60 0.3449 2.872e-06 0.0276 1.490e-10
 0.94 420 1.70 0.2836 2.959e-06 0.0251 1.166e-10
 0.94 420 1.80 0.2343 3.045e-06 0.0229 9.310e-11
 0.94 420 1.90 0.1944 3.132e-06 0.0210 7.554e-11
 0.94 420 2.00 0.1620 3.176e-06 0.0194 6.212e-11
 0.94 420 2.10 0.1355 3.263e-06 0.0179 5.167e-11
 0.94 420 2.20 0.1138 3.349e-06 0.0166 4.341e-11
 0.94 420 2.30 0.0959 3.393e-06 0.0155 3.679e-11
 0.94 420 2.40 0.0812 3.480e-06 0.0145 3.143e-11
 0.94 420 2.50 0.0690 3.523e-06 0.0135 2.703e-11
 0.94 420 2.60 0.0588 3.610e-06 0.0127 2.340e-11
 0.94 420 2.70 0.0503 3.654e-06 0.0120 2.037e-11
 0.94 420 2.80 0.0432 3.697e-06 0.0113 1.783e-11
 0.94 420 2.90 0.0372 3.784e-06 0.0107 1.568e-11
 0.94 420 3.00 0.0322 3.827e-06 0.0101 1.385e-11
 0.94 420 3.10 0.0280 3.871e-06 0.0096 1.228e-11
 0.94 420 3.20 0.0244 3.914e-06 0.0091 1.094e-11
 0.94 420 3.30 0.0214 4.001e-06 0.0087 9.775e-12
 0.94 420 3.40 0.0188 4.044e-06 0.0083 8.764e-12
 0.94 420 3.50 0.0166 4.088e-06 0.0079 7.883e-12
 0.94 420 3.60 0.0147 4.131e-06 0.0075 7.111e-12
 0.94 420 3.70 0.0131 4.175e-06 0.0072 6.432e-12
 0.94 420 3.80 0.0118 4.262e-06 0.0069 5.834e-12
 0.94 420 3.90 0.0106 4.305e-06 0.0066 5.304e-12
 0.94 420 4.00 0.0096 4.348e-06 0.0064 4.834e-12
 0.94 420 4.10 0.0087 4.392e-06 0.0061 4.415e-12
 0.94 420 4.20 0.0080 4.435e-06 0.0059 4.042e-12
 0.94 420 4.30 0.0073 4.479e-06 0.0057 3.707e-12
 0.94 420 4.40 0.0067 4.522e-06 0.0054 3.406e-12
 0.94 420 4.50 0.0063 4.566e-06 0.0053 3.136e-12
 0.94 420 4.60 0.0058 4.609e-06 0.0051 2.892e-12
 0.94 420 4.70 0.0055 4.653e-06 0.0049 2.672e-12
 0.94 420 4.80 0.0051 4.696e-06 0.0047 2.472e-12
 0.94 420 4.90 0.0049 4.739e-06 0.0046 2.291e-12
 0.94 420 5.00 0.0046 4.783e-06 0.0044 2.127e-12
 0.94 420 5.10 0.0044 4.826e-06 0.0043 1.977e-12
 0.94 420 5.20 0.0042 4.870e-06 0.0042 1.840e-12
 0.94 420 5.30 0.0041 4.913e-06 0.0040 1.715e-12
 0.94 420 5.40 0.0039 4.957e-06 0.0039 1.600e-12
 0.94 420 5.50 0.0038 4.957e-06 0.0038 1.495e-12
 0.90 380 1.10 0.2563 2.872e-06 0.0290 1.928e-09
 0.90 380 1.20 0.1983 3.002e-06 0.0254 9.881e-10
 0.90 380 1.30 0.1550 3.089e-06 0.0225 6.312e-10
 0.90 380 1.40 0.1221 3.176e-06 0.0200 4.416e-10
 0.90 380 1.50 0.0970 3.306e-06 0.0179 3.254e-10
 0.90 380 1.60 0.0775 3.393e-06 0.0162 2.483e-10
 0.90 380 1.70 0.0624 3.480e-06 0.0147 1.943e-10
 0.90 380 1.80 0.0506 3.567e-06 0.0134 1.552e-10
 0.90 380 1.90 0.0414 3.654e-06 0.0123 1.259e-10
 0.90 380 2.00 0.0340 3.740e-06 0.0113 1.035e-10
 0.90 380 2.10 0.0282 3.827e-06 0.0104 8.612e-11
 0.90 380 2.20 0.0235 3.914e-06 0.0097 7.235e-11
 0.90 380 2.30 0.0198 3.958e-06 0.0090 6.132e-11
 0.90 380 2.40 0.0167 4.044e-06 0.0084 5.238e-11
 0.90 380 2.50 0.0143 4.131e-06 0.0079 4.505e-11
 0.90 380 2.60 0.0123 4.175e-06 0.0074 3.900e-11
 0.90 380 2.70 0.0107 4.262e-06 0.0070 3.395e-11
 0.90 380 2.80 0.0094 4.348e-06 0.0066 2.971e-11
 0.90 380 2.90 0.0083 4.392e-06 0.0062 2.613e-11
 0.90 380 3.00 0.0074 4.479e-06 0.0059 2.308e-11
 0.90 380 3.10 0.0067 4.522e-06 0.0056 2.047e-11
 0.90 380 3.20 0.0060 4.609e-06 0.0053 1.823e-11
 0.90 380 3.30 0.0055 4.653e-06 0.0050 1.629e-11
 0.90 380 3.40 0.0051 4.696e-06 0.0048 1.461e-11
 0.90 380 3.50 0.0048 4.783e-06 0.0046 1.314e-11
 0.90 380 3.60 0.0045 4.826e-06 0.0044 1.185e-11
 0.90 380 3.70 0.0042 4.870e-06 0.0042 1.072e-11
 0.90 380 3.80 0.0040 4.957e-06 0.0040 9.723e-12
 0.90 380 3.90 0.0038 5.000e-06 0.0038 8.840e-12
 0.90 380 4.00 0.0037 5.000e-06 0.0037 8.057e-12
 0.90 380 4.10 0.0036 5.000e-06 0.0036 7.359e-12
 0.90 380 4.20 0.0035 5.000e-06 0.0035 6.736e-12
 0.90 380 4.30 0.0034 5.000e-06 0.0034 6.178e-12
 0.90 380 4.40 0.0033 5.000e-06 0.0033 5.677e-12
 0.90 380 4.50 0.0032 5.000e-06 0.0032 5.227e-12
 0.90 380 4.60 0.0032 5.000e-06 0.0032 4.821e-12
 0.90 380 4.70 0.0031 5.000e-06 0.0031 4.453e-12
 0.90 380 4.80 0.0031 5.000e-06 0.0031 4.121e-12
 0.90 380 4.90 0.0031 5.000e-06 0.0031 3.819e-12
 0.90 380 5.00 0.0030 5.000e-06 0.0030 3.545e-12
 0.90 380 5.10 0.0030 5.000e-06 0.0030 3.295e-12
 0.90 380 5.20 0.0030 5.000e-06 0.0030 3.066e-12
 0.90 380 5.30 0.0030 5.000e-06 0.0030 2.858e-12
 0.90 380 5.40 0.0029 5.000e-06 0.0029 2.667e-12
 0.90 380 5.50 0.0029 5.000e-06 0.0029 2.492e-12
 0.90 400 1.10 0.3922 2.698e-06 0.0354 1.928e-09
 0.90 400 1.20 0.3077 2.828e-06 0.0311 9.881e-10
 0.90 400 1.30 0.2440 2.915e-06 0.0275 6.312e-10
 0.90 400 1.40 0.1949 3.002e-06 0.0245 4.416e-10
 0.90 400 1.50 0.1568 3.089e-06 0.0219 3.254e-10
 0.90 400 1.60 0.1269 3.176e-06 0.0198 2.483e-10
 0.90 400 1.70 0.1033 3.263e-06 0.0180 1.943e-10
 0.90 400 1.80 0.0846 3.349e-06 0.0164 1.552e-10
 0.90 400 1.90 0.0696 3.436e-06 0.0151 1.259e-10
 0.90 400 2.00 0.0576 3.523e-06 0.0139 1.035e-10
 0.90 400 2.10 0.0480 3.610e-06 0.0128 8.612e-11
 0.90 400 2.20 0.0401 3.697e-06 0.0119 7.235e-11
 0.90 400 2.30 0.0338 3.740e-06 0.0111 6.132e-11
 0.90 400 2.40 0.0286 3.827e-06 0.0103 5.238e-11
 0.90 400 2.50 0.0243 3.914e-06 0.0097 4.505e-11
 0.90 400 2.60 0.0208 3.958e-06 0.0091 3.900e-11
 0.90 400 2.70 0.0179 4.044e-06 0.0086 3.395e-11
 0.90 400 2.80 0.0155 4.088e-06 0.0081 2.971e-11
 0.90 400 2.90 0.0135 4.175e-06 0.0076 2.613e-11
 0.90 400 3.00 0.0119 4.218e-06 0.0072 2.308e-11
 0.90 400 3.10 0.0105 4.262e-06 0.0069 2.047e-11
 0.90 400 3.20 0.0094 4.348e-06 0.0065 1.823e-11
 0.90 400 3.30 0.0084 4.392e-06 0.0062 1.629e-11
 0.90 400 3.40 0.0076 4.435e-06 0.0059 1.461e-11
 0.90 400 3.50 0.0069 4.522e-06 0.0056 1.314e-11
 0.90 400 3.60 0.0063 4.566e-06 0.0054 1.185e-11
 0.90 400 3.70 0.0058 4.609e-06 0.0052 1.072e-11
 0.90 400 3.80 0.0054 4.653e-06 0.0049 9.723e-12
 0.90 400 3.90 0.0050 4.739e-06 0.0047 8.840e-12
 0.90 400 4.00 0.0047 4.783e-06 0.0045 8.057e-12
 0.90 400 4.10 0.0045 4.826e-06 0.0044 7.359e-12
 0.90 400 4.20 0.0043 4.870e-06 0.0042 6.736e-12
 0.90 400 4.30 0.0041 4.913e-06 0.0040 6.178e-12
 0.90 400 4.40 0.0039 4.957e-06 0.0039 5.677e-12
 0.90 400 4.50 0.0038 5.000e-06 0.0038 5.227e-12
 0.90 400 4.60 0.0036 5.000e-06 0.0036 4.821e-12
 0.90 400 4.70 0.0035 5.000e-06 0.0035 4.453e-12
 0.90 400 4.80 0.0034 5.000e-06 0.0034 4.121e-12
 0.90 400 4.90 0.0034 5.000e-06 0.0034 3.819e-12
 0.90 400 5.00 0.0033 5.000e-06 0.0033 3.545e-12
 0.90 400 5.10 0.0032 5.000e-06 0.0032 3.295e-12
 0.90 400 5.20 0.0032 5.000e-06 0.0032 3.066e-12
 0.90 400 5.30 0.0031 5.000e-06 0.0031 2.858e-12
 0.90 400 5.40 0.0031 5.000e-06 0.0031 2.667e-12
 0.90 400 5.50 0.0031 5.000e-06 0.0031 2.492e-12
 0.90 420 1.10 0.5774 2.568e-06 0.0427 1.928e-09
 0.90 420 1.20 0.4591 2.655e-06 0.0375 9.881e-10
 0.90 420 1.30 0.3689 2.741e-06 0.0332 6.312e-10
 0.90 420 1.40 0.2987 2.828e-06 0.0296 4.416e-10
 0.90 420 1.50 0.2433 2.959e-06 0.0266 3.254e-10
 0.90 420 1.60 0.1993 3.045e-06 0.0240 2.483e-10
 0.90 420 1.70 0.1641 3.089e-06 0.0218 1.943e-10
 0.90 420 1.80 0.1358 3.176e-06 0.0199 1.552e-10
 0.90 420 1.90 0.1129 3.263e-06 0.0183 1.259e-10
 0.90 420 2.00 0.0942 3.349e-06 0.0168 1.035e-10
 0.90 420 2.10 0.0790 3.393e-06 0.0156 8.612e-11
 0.90 420 2.20 0.0666 3.480e-06 0.0144 7.235e-11
 0.90 420 2.30 0.0563 3.567e-06 0.0135 6.132e-11
 0.90 420 2.40 0.0478 3.610e-06 0.0126 5.238e-11
 0.90 420 2.50 0.0408 3.697e-06 0.0118 4.505e-11
 0.90 420 2.60 0.0350 3.740e-06 0.0111 3.900e-11
 0.90 420 2.70 0.0301 3.827e-06 0.0104 3.395e-11
 0.90 420 2.80 0.0260 3.871e-06 0.0098 2.971e-11
 0.90 420 2.90 0.0226 3.914e-06 0.0093 2.613e-11
 0.90 420 3.00 0.0197 4.001e-06 0.0088 2.308e-11
 0.90 420 3.10 0.0173 4.044e-06 0.0083 2.047e-11
 0.90 420 3.20 0.0152 4.088e-06 0.0079 1.823e-11
 0.90 420 3.30 0.0135 4.175e-06 0.0075 1.629e-11
 0.90 420 3.40 0.0120 4.218e-06 0.0072 1.461e-11
 0.90 420 3.50 0.0107 4.262e-06 0.0069 1.314e-11
 0.90 420 3.60 0.0097 4.305e-06 0.0066 1.185e-11
 0.90 420 3.70 0.0088 4.392e-06 0.0063 1.072e-11
 0.90 420 3.80 0.0080 4.435e-06 0.0060 9.723e-12
 0.90 420 3.90 0.0073 4.479e-06 0.0058 8.840e-12
 0.90 420 4.00 0.0067 4.522e-06 0.0055 8.057e-12
 0.90 420 4.10 0.0062 4.566e-06 0.0053 7.359e-12
 0.90 420 4.20 0.0058 4.609e-06 0.0051 6.736e-12
 0.90 420 4.30 0.0054 4.653e-06 0.0049 6.178e-12
 0.90 420 4.40 0.0051 4.696e-06 0.0047 5.677e-12
 0.90 420 4.50 0.0048 4.739e-06 0.0046 5.227e-12
 0.90 420 4.60 0.0046 4.783e-06 0.0044 4.821e-12
 0.90 420 4.70 0.0043 4.826e-06 0.0043 4.453e-12
 0.90 420 4.80 0.0042 4.870e-06 0.0041 4.121e-12
 0.90 420 4.90 0.0040 4.913e-06 0.0040 3.819e-12
 0.90 420 5.00 0.0039 4.957e-06 0.0039 3.545e-12
 0.90 420 5.10 0.0037 5.000e-06 0.0037 3.295e-12
 0.90 420 5.20 0.0036 5.000e-06 0.0036 3.066e-12
 0.90 420 5.30 0.0035 5.000e-06 0.0035 2.858e-12
 0.90 420 5.40 0.0035 5.000e-06 0.0035 2.667e-12
 0.90 420 5.50 0.0034 5.000e-06 0.0034 2.492e-12
 0.88 380 1.10 0.2094 2.915e-06 0.0274 2.314e-09
 0.88 380 1.20 0.1621 3.045e-06 0.0240 1.186e-09
 0.88 380 1.30 0.1268 3.132e-06 0.0212 7.574e-10
 0.88 380 1.40 0.1000 3.263e-06 0.0189 5.299e-10
 0.88 380 1.50 0.0795 3.349e-06 0.0169 3.905e-10
 0.88 380 1.60 0.0637 3.436e-06 0.0153 2.980e-10
 0.88 380 1.70 0.0514 3.523e-06 0.0139 2.332e-10
 0.88 380 1.80 0.0418 3.610e-06 0.0127 1.862e-10
 0.88 380 1.90 0.0342 3.740e-06 0.0116 1.511e-10
 0.88 380 2.00 0.0282 3.784e-06 0.0107 1.242e-10
 0.88 380 2.10 0.0235 3.871e-06 0.0099 1.033e-10
 0.88 380 2.20 0.0197 3.958e-06 0.0092 8.682e-11
 0.88 380 2.30 0.0166 4.044e-06 0.0085 7.358e-11
 0.88 380 2.40 0.0142 4.131e-06 0.0080 6.285e-11
 0.88 380 2.50 0.0122 4.175e-06 0.0075 5.406e-11
 0.88 380 2.60 0.0106 4.262e-06 0.0070 4.680e-11
 0.88 380 2.70 0.0092 4.348e-06 0.0066 4.074e-11
 0.88 380 2.80 0.0082 4.392e-06 0.0062 3.565e-11
 0.88 380 2.90 0.0073 4.479e-06 0.0059 3.136e-11
 0.88 380 3.00 0.0066 4.522e-06 0.0056 2.770e-11
 0.88 380 3.10 0.0059 4.609e-06 0.0053 2.457e-11
 0.88 380 3.20 0.0055 4.653e-06 0.0050 2.188e-11
 0.88 380 3.30 0.0050 4.739e-06 0.0048 1.955e-11
 0.88 380 3.40 0.0047 4.783e-06 0.0045 1.753e-11
 0.88 380 3.50 0.0044 4.870e-06 0.0043 1.577e-11
 0.88 380 3.60 0.0042 4.913e-06 0.0041 1.422e-11
 0.88 380 3.70 0.0040 4.957e-06 0.0040 1.286e-11
 0.88 380 3.80 0.0038 5.000e-06 0.0038 1.167e-11
 0.88 380 3.90 0.0037 5.000e-06 0.0037 1.061e-11
 0.88 380 4.00 0.0035 5.000e-06 0.0035 9.668e-12
 0.88 380 4.10 0.0034 5.000e-06 0.0034 8.831e-12
 0.88 380 4.20 0.0034 5.000e-06 0.0034 8.083e-12
 0.88 380 4.30 0.0033 5.000e-06 0.0033 7.414e-12
 0.88 380 4.40 0.0032 5.000e-06 0.0032 6.813e-12
 0.88 380 4.50 0.0032 5.000e-06 0.0032 6.272e-12
 0.88 380 4.60 0.0031 5.000e-06 0.0031 5.785e-12
 0.88 380 4.70 0.0031 5.000e-06 0.0031 5.344e-12
 0.88 380 4.80 0.0030 5.000e-06 0.0030 4.945e-12
 0.88 380 4.90 0.0030 5.000e-06 0.0030 4.583e-12
 0.88 380 5.00 0.0030 5.000e-06 0.0030 4.253e-12
 0.88 380 5.10 0.0030 5.000e-06 0.0030 3.953e-12
 0.88 380 5.20 0.0030 5.000e-06 0.0030 3.680e-12
 0.88 380 5.30 0.0029 5.000e-06 0.0029 3.429e-12
 0.88 380 5.40 0.0029 5.000e-06 0.0029 3.200e-12
 0.88 380 5.50 0.0029 5.000e-06 0.0029 2.990e-12
 0.88 400 1.10 0.3201 2.741e-06 0.0335 2.314e-09
 0.88 400 1.20 0.2513 2.872e-06 0.0294 1.186e-09
 0.88 400 1.30 0.1993 2.959e-06 0.0260 7.574e-10
 0.88 400 1.40 0.1593 3.045e-06 0.0232 5.299e-10
 0.88 400 1.50 0.1283 3.176e-06 0.0208 3.905e-10
 0.88 400 1.60 0.1039 3.263e-06 0.0187 2.980e-10
 0.88 400 1.70 0.0847 3.349e-06 0.0170 2.332e-10
 0.88 400 1.80 0.0694 3.436e-06 0.0155 1.862e-10
 0.88 400 1.90 0.0573 3.523e-06 0.0143 1.511e-10
 0.88 400 2.00 0.0475 3.610e-06 0.0131 1.242e-10
 0.88 400 2.10 0.0396 3.654e-06 0.0121 1.033e-10
 0.88 400 2.20 0.0332 3.740e-06 0.0113 8.682e-11
 0.88 400 2.30 0.0280 3.827e-06 0.0105 7.358e-11
 0.88 400 2.40 0.0238 3.871e-06 0.0098 6.285e-11
 0.88 400 2.50 0.0203 3.958e-06 0.0092 5.406e-11
 0.88 400 2.60 0.0175 4.044e-06 0.0086 4.680e-11
 0.88 400 2.70 0.0151 4.088e-06 0.0081 4.074e-11
 0.88 400 2.80 0.0132 4.175e-06 0.0076 3.565e-11
 0.88 400 2.90 0.0116 4.218e-06 0.0072 3.136e-11
 0.88 400 3.00 0.0102 4.305e-06 0.0068 2.770e-11
 0.88 400 3.10 0.0091 4.348e-06 0.0065 2.457e-11
 0.88 400 3.20 0.0081 4.392e-06 0.0062 2.188e-11
 0.88 400 3.30 0.0074 4.479e-06 0.0059 1.955e-11
 0.88 400 3.40 0.0067 4.522e-06 0.0056 1.753e-11
 0.88 400 3.50 0.0061 4.566e-06 0.0053 1.577e-11
 0.88 400 3.60 0.0057 4.653e-06 0.0051 1.422e-11
 0.88 400 3.70 0.0053 4.696e-06 0.0049 1.286e-11
 0.88 400 3.80 0.0049 4.739e-06 0.0047 1.167e-11
 0.88 400 3.90 0.0046 4.783e-06 0.0045 1.061e-11
 0.88 400 4.00 0.0044 4.870e-06 0.0043 9.668e-12
 0.88 400 4.10 0.0042 4.913e-06 0.0041 8.831e-12
 0.88 400 4.20 0.0040 4.957e-06 0.0040 8.083e-12
 0.88 400 4.30 0.0038 5.000e-06 0.0038 7.414e-12
 0.88 400 4.40 0.0037 5.000e-06 0.0037 6.813e-12
 0.88 400 4.50 0.0036 5.000e-06 0.0036 6.272e-12
 0.88 400 4.60 0.0035 5.000e-06 0.0035 5.785e-12
 0.88 400 4.70 0.0034 5.000e-06 0.0034 5.344e-12
 0.88 400 4.80 0.0033 5.000e-06 0.0033 4.945e-12
 0.88 400 4.90 0.0033 5.000e-06 0.0033 4.583e-12
 0.88 400 5.00 0.0032 5.000e-06 0.0032 4.253e-12
 0.88 400 5.10 0.0032 5.000e-06 0.0032 3.953e-12
 0.88 400 5.20 0.0031 5.000e-06 0.0031 3.680e-12
 0.88 400 5.30 0.0031 5.000e-06 0.0031 3.429e-12
 0.88 400 5.40 0.0031 5.000e-06 0.0031 3.200e-12
 0.88 400 5.50 0.0030 5.000e-06 0.0030 2.990e-12
 0.88 420 1.10 0.4710 2.611e-06 0.0405 2.314e-09
 0.88 420 1.20 0.3746 2.698e-06 0.0356 1.186e-09
 0.88 420 1.30 0.3011 2.785e-06 0.0315 7.574e-10
 0.88 420 1.40 0.2439 2.915e-06 0.0280 5.299e-10
 0.88 420 1.50 0.1988 3.002e-06 0.0252 3.905e-10
 0.88 420 1.60 0.1629 3.089e-06 0.0227 2.980e-10
 0.88 420 1.70 0.1342 3.176e-06 0.0206 2.332e-10
 0.88 420 1.80 0.1112 3.263e-06 0.0189 1.862e-10
 0.88 420 1.90 0.0925 3.306e-06 0.0173 1.511e-10
 0.88 420 2.00 0.0773 3.393e-06 0.0159 1.242e-10
 0.88 420 2.10 0.0649 3.480e-06 0.0147 1.033e-10
 0.88 420 2.20 0.0548 3.523e-06 0.0137 8.682e-11
 0.88 420 2.30 0.0464 3.610e-06 0.0127 7.358e-11
 0.88 420 2.40 0.0395 3.697e-06 0.0119 6.285e-11
 0.88 420 2.50 0.0338 3.740e-06 0.0112 5.406e-11
 0.88 420 2.60 0.0290 3.827e-06 0.0105 4.680e-11
 0.88 420 2.70 0.0250 3.871e-06 0.0099 4.074e-11
 0.88 420 2.80 0.0217 3.958e-06 0.0093 3.565e-11
 0.88 420 2.90 0.0189 4.001e-06 0.0088 3.136e-11
 0.88 420 3.00 0.0166 4.044e-06 0.0083 2.770e-11
 0.88 420 3.10 0.0146 4.131e-06 0.0079 2.457e-11
 0.88 420 3.20 0.0129 4.175e-06 0.0075 2.188e-11
 0.88 420 3.30 0.0115 4.218e-06 0.0071 1.955e-11
 0.88 420 3.40 0.0103 4.305e-06 0.0068 1.753e-11
 0.88 420 3.50 0.0093 4.348e-06 0.0065 1.577e-11
 0.88 420 3.60 0.0084 4.392e-06 0.0062 1.422e-11
 0.88 420 3.70 0.0077 4.435e-06 0.0059 1.286e-11
 0.88 420 3.80 0.0070 4.479e-06 0.0057 1.167e-11
 0.88 420 3.90 0.0065 4.566e-06 0.0055 1.061e-11
 0.88 420 4.00 0.0060 4.609e-06 0.0052 9.668e-12
 0.88 420 4.10 0.0056 4.653e-06 0.0050 8.831e-12
 0.88 420 4.20 0.0052 4.696e-06 0.0049 8.083e-12
 0.88 420 4.30 0.0049 4.739e-06 0.0047 7.414e-12
 0.88 420 4.40 0.0047 4.783e-06 0.0045 6.813e-12
 0.88 420 4.50 0.0044 4.826e-06 0.0043 6.272e-12
 0.88 420 4.60 0.0042 4.870e-06 0.0042 5.785e-12
 0.88 420 4.70 0.0041 4.913e-06 0.0041 5.344e-12
 0.88 420 4.80 0.0039 4.957e-06 0.0039 4.945e-12
 0.88 420 4.90 0.0038 5.000e-06 0.0038 4.583e-12
 0.88 420 5.00 0.0037 5.000e-06 0.0037 4.253e-12
 0.88 420 5.10 0.0036 5.000e-06 0.0036 3.953e-12
 0.88 420 5.20 0.0035 5.000e-06 0.0035 3.680e-12
 0.88 420 5.30 0.0034 5.000e-06 0.0034 3.429e-12
 0.88 420 5.40 0.0033 5.000e-06 0.0033 3.200e-12
 0.88 420 5.50 0.0033 5.000e-06 0.0033 2.990e-12
 0.86 380 1.10 0.1759 2.959e-06 0.0261 2.700e-09
 0.86 380 1.20 0.1362 3.089e-06 0.0229 1.383e-09
 0.86 380 1.30 0.1067 3.176e-06 0.0202 8.837e-10
 0.86 380 1.40 0.0842 3.306e-06 0.0180 6.182e-10
 0.86 380 1.50 0.0671 3.393e-06 0.0161 4.556e-10
 0.86 380 1.60 0.0538 3.523e-06 0.0146 3.476e-10
 0.86 380 1.70 0.0435 3.610e-06 0.0132 2.721e-10
 0.86 380 1.80 0.0355 3.697e-06 0.0121 2.172e-10
 0.86 380 1.90 0.0291 3.784e-06 0.0111 1.763e-10
 0.86 380 2.00 0.0241 3.871e-06 0.0102 1.449e-10
 0.86 380 2.10 0.0201 3.958e-06 0.0094 1.206e-10
 0.86 380 2.20 0.0169 4.044e-06 0.0087 1.013e-10
 0.86 380 2.30 0.0144 4.088e-06 0.0081 8.585e-11
 0.86 380 2.40 0.0123 4.175e-06 0.0076 7.333e-11
 0.86 380 2.50 0.0107 4.262e-06 0.0071 6.307e-11
 0.86 380 2.60 0.0093 4.348e-06 0.0067 5.459e-11
 0.86 380 2.70 0.0082 4.392e-06 0.0063 4.753e-11
 0.86 380 2.80 0.0073 4.479e-06 0.0059 4.160e-11
 0.86 380 2.90 0.0066 4.522e-06 0.0056 3.658e-11
 0.86 380 3.00 0.0059 4.609e-06 0.0053 3.231e-11
 0.86 380 3.10 0.0054 4.653e-06 0.0050 2.866e-11
 0.86 380 3.20 0.0050 4.739e-06 0.0048 2.552e-11
 0.86 380 3.30 0.0047 4.783e-06 0.0045 2.281e-11
 0.86 380 3.40 0.0044 4.870e-06 0.0043 2.045e-11
 0.86 380 3.50 0.0042 4.913e-06 0.0041 1.839e-11
 0.86 380 3.60 0.0040 5.000e-06 0.0040 1.659e-11
 0.86 380 3.70 0.0038 5.000e-06 0.0038 1.501e-11
 0.86 380 3.80 0.0036 5.000e-06 0.0036 1.361e-11
 0.86 380 3.90 0.0035 5.000e-06 0.0035 1.238e-11
 0.86 380 4.00 0.0034 5.000e-06 0.0034 1.128e-11
 0.86 380 4.10 0.0033 5.000e-06 0.0033 1.030e-11
 0.86 380 4.20 0.0033 5.000e-06 0.0033 9.430e-12
 0.86 380 4.30 0.0032 5.000e-06 0.0032 8.649e-12
 0.86 380 4.40 0.0032 5.000e-06 0.0032 7.948e-12
 0.86 380 4.50 0.0031 5.000e-06 0.0031 7.318e-12
 0.86 380 4.60 0.0031 5.000e-06 0.0031 6.749e-12
 0.86 380 4.70 0.0030 5.000e-06 0.0030 6.235e-12
 0.86 380 4.80 0.0030 5.000e-06 0.0030 5.769e-12
 0.86 380 4.90 0.0030 5.000e-06 0.0030 5.347e-12
 0.86 380 5.00 0.0030 5.000e-06 0.0030 4.962e-12
 0.86 380 5.10 0.0030 5.000e-06 0.0030 4.612e-12
 0.86 380 5.20 0.0029 5.000e-06 0.0029 4.293e-12
 0.86 380 5.30 0.0029 5.000e-06 0.0029 4.001e-12
 0.86 380 5.40 0.0029 5.000e-06 0.0029 3.734e-12
 0.86 380 5.50 0.0029 5.000e-06 0.0029 3.489e-12
 0.86 400 1.10 0.2686 2.785e-06 0.0319 2.700e-09
 0.86 400 1.20 0.2109 2.915e-06 0.0280 1.383e-09
 0.86 400 1.30 0.1674 3.002e-06 0.0248 8.837e-10
 0.86 400 1.40 0.1339 3.132e-06 0.0221 6.182e-10
 0.86 400 1.50 0.1079 3.219e-06 0.0198 4.556e-10
 0.86 400 1.60 0.0875 3.306e-06 0.0179 3.476e-10
 0.86 400 1.70 0.0714 3.393e-06 0.0162 2.721e-10
 0.86 400 1.80 0.0586 3.480e-06 0.0148 2.172e-10
 0.86 400 1.90 0.0484 3.567e-06 0.0136 1.763e-10
 0.86 400 2.00 0.0402 3.654e-06 0.0125 1.449e-10
 0.86 400 2.10 0.0336 3.740e-06 0.0116 1.206e-10
 0.86 400 2.20 0.0283 3.784e-06 0.0107 1.013e-10
 0.86 400 2.30 0.0240 3.871e-06 0.0100 8.585e-11
 0.86 400 2.40 0.0204 3.958e-06 0.0093 7.333e-11
 0.86 400 2.50 0.0175 4.001e-06 0.0087 6.307e-11
 0.86 400 2.60 0.0151 4.088e-06 0.0082 5.459e-11
 0.86 400 2.70 0.0131 4.175e-06 0.0077 4.753e-11
 0.86 400 2.80 0.0115 4.218e-06 0.0073 4.160e-11
 0.86 400 2.90 0.0101 4.305e-06 0.0069 3.658e-11
 0.86 400 3.00 0.0090 4.348e-06 0.0065 3.231e-11
 0.86 400 3.10 0.0081 4.392e-06 0.0062 2.866e-11
 0.86 400 3.20 0.0073 4.479e-06 0.0059 2.552e-11
 0.86 400 3.30 0.0066 4.522e-06 0.0056 2.281e-11
 0.86 400 3.40 0.0061 4.609e-06 0.0053 2.045e-11
 0.86 400 3.50 0.0056 4.653e-06 0.0051 1.839e-11
 0.86 400 3.60 0.0052 4.696e-06 0.0049 1.659e-11
 0.86 400 3.70 0.0049 4.739e-06 0.0047 1.501e-11
 0.86 400 3.80 0.0046 4.826e-06 0.0045 1.361e-11
 0.86 400 3.90 0.0043 4.870e-06 0.0043 1.238e-11
 0.86 400 4.00 0.0041 4.913e-06 0.0041 1.128e-11
 0.86 400 4.10 0.0040 4.957e-06 0.0040 1.030e-11
 0.86 400 4.20 0.0038 5.000e-06 0.0038 9.430e-12
 0.86 400 4.30 0.0037 5.000e-06 0.0037 8.649e-12
 0.86 400 4.40 0.0036 5.000e-06 0.0036 7.948e-12
 0.86 400 4.50 0.0035 5.000e-06 0.0035 7.318e-12
 0.86 400 4.60 0.0034 5.000e-06 0.0034 6.749e-12
 0.86 400 4.70 0.0033 5.000e-06 0.0033 6.235e-12
 0.86 400 4.80 0.0033 5.000e-06 0.0033 5.769e-12
 0.86 400 4.90 0.0032 5.000e-06 0.0032 5.347e-12
 0.86 400 5.00 0.0032 5.000e-06 0.0032 4.962e-12
 0.86 400 5.10 0.0031 5.000e-06 0.0031 4.612e-12
 0.86 400 5.20 0.0031 5.000e-06 0.0031 4.293e-12
 0.86 400 5.30 0.0031 5.000e-06 0.0031 4.001e-12
 0.86 400 5.40 0.0030 5.000e-06 0.0030 3.734e-12
 0.86 400 5.50 0.0030 5.000e-06 0.0030 3.489e-12
 0.86 420 1.10 0.3950 2.655e-06 0.0386 2.700e-09
 0.86 420 1.20 0.3142 2.741e-06 0.0339 1.383e-09
 0.86 420 1.30 0.2527 2.828e-06 0.0300 8.837e-10
 0.86 420 1.40 0.2048 2.959e-06 0.0267 6.182e-10
 0.86 420 1.50 0.1670 3.045e-06 0.0240 4.556e-10
 0.86 420 1.60 0.1369 3.132e-06 0.0217 3.476e-10
 0.86 420 1.70 0.1129 3.219e-06 0.0197 2.721e-10
 0.86 420 1.80 0.0936 3.306e-06 0.0180 2.172e-10
 0.86 420 1.90 0.0779 3.393e-06 0.0165 1.763e-10
 0.86 420 2.00 0.0652 3.436e-06 0.0152 1.449e-10
 0.86 420 2.10 0.0549 3.523e-06 0.0141 1.206e-10
 0.86 420 2.20 0.0463 3.610e-06 0.0131 1.013e-10
 0.86 420 2.30 0.0393 3.654e-06 0.0122 8.585e-11
 0.86 420 2.40 0.0336 3.740e-06 0.0114 7.333e-11
 0.86 420 2.50 0.0288 3.784e-06 0.0106 6.307e-11
 0.86 420 2.60 0.0248 3.871e-06 0.0100 5.459e-11
 0.86 420 2.70 0.0214 3.914e-06 0.0094 4.753e-11
 0.86 420 2.80 0.0187 4.001e-06 0.0089 4.160e-11
 0.86 420 2.90 0.0163 4.044e-06 0.0084 3.658e-11
 0.86 420 3.00 0.0144 4.131e-06 0.0079 3.231e-11
 0.86 420 3.10 0.0127 4.175e-06 0.0075 2.866e-11
 0.86 420 3.20 0.0113 4.218e-06 0.0072 2.552e-11
 0.86 420 3.30 0.0101 4.305e-06 0.0068 2.281e-11
 0.86 420 3.40 0.0091 4.348e-06 0.0065 2.045e-11
 0.86 420 3.50 0.0082 4.392e-06 0.0062 1.839e-11
 0.86 420 3.60 0.0075 4.435e-06 0.0059 1.659e-11
 0.86 420 3.70 0.0069 4.522e-06 0.0057 1.501e-11
 0.86 420 3.80 0.0063 4.566e-06 0.0054 1.361e-11
 0.86 420 3.90 0.0059 4.609e-06 0.0052 1.238e-11
 0.86 420 4.00 0.0055 4.653e-06 0.0050 1.128e-11
 0.86 420 4.10 0.0051 4.696e-06 0.0048 1.030e-11
 0.86 420 4.20 0.0048 4.739e-06 0.0046 9.430e-12
 0.86 420 4.30 0.0046 4.826e-06 0.0045 8.649e-12
 0.86 420 4.40 0.0044 4.870e-06 0.0043 7.948e-12
 0.86 420 4.50 0.0042 4.913e-06 0.0041 7.318e-12
 0.86 420 4.60 0.0040 4.957e-06 0.0040 6.749e-12
 0.86 420 4.70 0.0039 5.000e-06 0.0039 6.235e-12
 0.86 420 4.80 0.0037 5.000e-06 0.0037 5.769e-12
 0.86 420 4.90 0.0036 5.000e-06 0.0036 5.347e-12
 0.86 420 5.00 0.0035 5.000e-06 0.0035 4.962e-12
 0.86 420 5.10 0.0035 5.000e-06 0.0035 4.612e-12
 0.86 420 5.20 0.0034 5.000e-06 0.0034 4.293e-12
 0.86 420 5.30 0.0033 5.000e-06 0.0033 4.001e-12
 0.86 420 5.40 0.0033 5.000e-06 0.0033 3.734e-12
 0.86 420 5.50 0.0032 5.000e-06 0.0032 3.489e-12
 0.85 380 1.10 0.1625 3.002e-06 0.0255 2.892e-09
 0.85 380 1.20 0.1259 3.089e-06 0.0224 1.482e-09
 0.85 380 1.30 0.0986 3.219e-06 0.0198 9.468e-10
 0.85 380 1.40 0.0779 3.306e-06 0.0176 6.624e-10
 0.85 380 1.50 0.0621 3.436e-06 0.0158 4.881e-10
 0.85 380 1.60 0.0499 3.523e-06 0.0142 3.724e-10
 0.85 380 1.70 0.0404 3.610e-06 0.0129 2.915e-10
 0.85 380 1.80 0.0329 3.697e-06 0.0118 2.328e-10
 0.85 380 1.90 0.0271 3.784e-06 0.0108 1.888e-10
 0.85 380 2.00 0.0225 3.871e-06 0.0100 1.553e-10
 0.85 380 2.10 0.0188 3.958e-06 0.0092 1.292e-10
 0.85 380 2.20 0.0158 4.044e-06 0.0085 1.085e-10
 0.85 380 2.30 0.0135 4.131e-06 0.0080 9.198e-11
 0.85 380 2.40 0.0116 4.218e-06 0.0074 7.856e-11
 0.85 380 2.50 0.0101 4.305e-06 0.0070 6.758e-11
 0.85 380 2.60 0.0088 4.348e-06 0.0065 5.849e-11
 0.85 380 2.70 0.0078 4.435e-06 0.0061 5.092e-11
 0.85 380 2.80 0.0070 4.522e-06 0.0058 4.457e-11
 0.85 380 2.90 0.0063 4.566e-06 0.0055 3.919e-11
 0.85 380 3.00 0.0057 4.653e-06 0.0052 3.462e-11
 0.85 380 3.10 0.0052 4.696e-06 0.0049 3.071e-11
 0.85 380 3.20 0.0049 4.783e-06 0.0047 2.735e-11
 0.85 380 3.30 0.0045 4.826e-06 0.0044 2.444e-11
 0.85 380 3.40 0.0043 4.870e-06 0.0042 2.191e-11
 0.85 380 3.50 0.0041 4.957e-06 0.0040 1.971e-11
 0.85 380 3.60 0.0039 5.000e-06 0.0039 1.778e-11
 0.85 380 3.70 0.0037 5.000e-06 0.0037 1.608e-11
 0.85 380 3.80 0.0036 5.000e-06 0.0036 1.458e-11
 0.85 380 3.90 0.0035 5.000e-06 0.0035 1.326e-11
 0.85 380 4.00 0.0034 5.000e-06 0.0034 1.209e-11
 0.85 380 4.10 0.0033 5.000e-06 0.0033 1.104e-11
 0.85 380 4.20 0.0032 5.000e-06 0.0032 1.010e-11
 0.85 380 4.30 0.0032 5.000e-06 0.0032 9.267e-12
 0.85 380 4.40 0.0031 5.000e-06 0.0031 8.516e-12
 0.85 380 4.50 0.0031 5.000e-06 0.0031 7.840e-12
 0.85 380 4.60 0.0031 5.000e-06 0.0031 7.231e-12
 0.85 380 4.70 0.0030 5.000e-06 0.0030 6.680e-12
 0.85 380 4.80 0.0030 5.000e-06 0.0030 6.181e-12
 0.85 380 4.90 0.0030 5.000e-06 0.0030 5.728e-12
 0.85 380 5.00 0.0030 5.000e-06 0.0030 5.317e-12
 0.85 380 5.10 0.0029 5.000e-06 0.0029 4.942e-12
 0.85 380 5.20 0.0029 5.000e-06 0.0029 4.600e-12
 0.85 380 5.30 0.0029 5.000e-06 0.0029 4.287e-12
 0.85 380 5.40 0.0029 5.000e-06 0.0029 4.000e-12
 0.85 380 5.50 0.0029 5.000e-06 0.0029 3.738e-12
 0.85 400 1.10 0.2480 2.828e-06 0.0312 2.892e-09
 0.85 400 1.20 0.1948 2.915e-06 0.0274 1.482e-09
 0.85 400 1.30 0.1547 3.045e-06 0.0242 9.468e-10
 0.85 400 1.40 0.1238 3.132e-06 0.0216 6.624e-10
 0.85 400 1.50 0.0998 3.219e-06 0.0193 4.881e-10
 0.85 400 1.60 0.0809 3.306e-06 0.0175 3.724e-10
 0.85 400 1.70 0.0661 3.436e-06 0.0159 2.915e-10
 0.85 400 1.80 0.0543 3.523e-06 0.0145 2.328e-10
 0.85 400 1.90 0.0449 3.610e-06 0.0133 1.888e-10
 0.85 400 2.00 0.0373 3.654e-06 0.0122 1.553e-10
 0.85 400 2.10 0.0313 3.740e-06 0.0113 1.292e-10
 0.85 400 2.20 0.0263 3.827e-06 0.0105 1.085e-10
 0.85 400 2.30 0.0223 3.914e-06 0.0098 9.198e-11
 0.85 400 2.40 0.0190 3.958e-06 0.0091 7.856e-11
 0.85 400 2.50 0.0164 4.044e-06 0.0086 6.758e-11
 0.85 400 2.60 0.0142 4.131e-06 0.0080 5.849e-11
 0.85 400 2.70 0.0123 4.175e-06 0.0076 5.092e-11
 0.85 400 2.80 0.0108 4.262e-06 0.0071 4.457e-11
 0.85 400 2.90 0.0096 4.305e-06 0.0067 3.919e-11
 0.85 400 3.00 0.0085 4.392e-06 0.0064 3.462e-11
 0.85 400 3.10 0.0077 4.435e-06 0.0061 3.071e-11
 0.85 400 3.20 0.0069 4.522e-06 0.0058 2.735e-11
 0.85 400 3.30 0.0063 4.566e-06 0.0055 2.444e-11
 0.85 400 3.40 0.0058 4.609e-06 0.0052 2.191e-11
 0.85 400 3.50 0.0054 4.696e-06 0.0050 1.971e-11
 0.85 400 3.60 0.0050 4.739e-06 0.0048 1.778e-11
 0.85 400 3.70 0.0047 4.783e-06 0.0046 1.608e-11
 0.85 400 3.80 0.0044 4.826e-06 0.0044 1.458e-11
 0.85 400 3.90 0.0042 4.913e-06 0.0042 1.326e-11
 0.85 400 4.00 0.0040 4.957e-06 0.0040 1.209e-11
 0.85 400 4.10 0.0039 5.000e-06 0.0039 1.104e-11
 0.85 400 4.20 0.0037 5.000e-06 0.0037 1.010e-11
 0.85 400 4.30 0.0036 5.000e-06 0.0036 9.267e-12
 0.85 400 4.40 0.0035 5.000e-06 0.0035 8.516e-12
 0.85 400 4.50 0.0034 5.000e-06 0.0034 7.840e-12
 0.85 400 4.60 0.0033 5.000e-06 0.0033 7.231e-12
 0.85 400 4.70 0.0033 5.000e-06 0.0033 6.680e-12
 0.85 400 4.80 0.0032 5.000e-06 0.0032 6.181e-12
 0.85 400 4.90 0.0032 5.000e-06 0.0032 5.728e-12
 0.85 400 5.00 0.0031 5.000e-06 0.0031 5.317e-12
 0.85 400 5.10 0.0031 5.000e-06 0.0031 4.942e-12
 0.85 400 5.20 0.0031 5.000e-06 0.0031 4.600e-12
 0.85 400 5.30 0.0030 5.000e-06 0.0030 4.287e-12
 0.85 400 5.40 0.0030 5.000e-06 0.0030 4.000e-12
 0.85 400 5.50 0.0030 5.000e-06 0.0030 3.738e-12
 0.85 420 1.10 0.3646 2.655e-06 0.0378 2.892e-09
 0.85 420 1.20 0.2901 2.785e-06 0.0332 1.482e-09
 0.85 420 1.30 0.2333 2.872e-06 0.0293 9.468e-10
 0.85 420 1.40 0.1891 2.959e-06 0.0261 6.624e-10
 0.85 420 1.50 0.1542 3.045e-06 0.0235 4.881e-10
 0.85 420 1.60 0.1265 3.132e-06 0.0212 3.724e-10
 0.85 420 1.70 0.1044 3.219e-06 0.0193 2.915e-10
 0.85 420 1.80 0.0865 3.306e-06 0.0176 2.328e-10
 0.85 420 1.90 0.0721 3.393e-06 0.0161 1.888e-10
 0.85 420 2.00 0.0604 3.480e-06 0.0149 1.553e-10
 0.85 420 2.10 0.0508 3.567e-06 0.0138 1.292e-10
 0.85 420 2.20 0.0430 3.610e-06 0.0128 1.085e-10
 0.85 420 2.30 0.0365 3.697e-06 0.0119 9.198e-11
 0.85 420 2.40 0.0312 3.784e-06 0.0111 7.856e-11
 0.85 420 2.50 0.0268 3.827e-06 0.0104 6.758e-11
 0.85 420 2.60 0.0231 3.914e-06 0.0098 5.849e-11
 0.85 420 2.70 0.0200 3.958e-06 0.0092 5.092e-11
 0.85 420 2.80 0.0174 4.044e-06 0.0087 4.457e-11
 0.85 420 2.90 0.0153 4.088e-06 0.0082 3.919e-11
 0.85 420 3.00 0.0135 4.131e-06 0.0078 3.462e-11
 0.85 420 3.10 0.0119 4.218e-06 0.0074 3.071e-11
 0.85 420 3.20 0.0106 4.262e-06 0.0070 2.735e-11
 0.85 420 3.30 0.0095 4.305e-06 0.0067 2.444e-11
 0.85 420 3.40 0.0086 4.392e-06 0.0064 2.191e-11
 0.85 420 3.50 0.0078 4.435e-06 0.0061 1.971e-11
 0.85 420 3.60 0.0071 4.479e-06 0.0058 1.778e-11
 0.85 420 3.70 0.0066 4.522e-06 0.0056 1.608e-11
 0.85 420 3.80 0.0061 4.609e-06 0.0053 1.458e-11
 0.85 420 3.90 0.0056 4.653e-06 0.0051 1.326e-11
 0.85 420 4.00 0.0053 4.696e-06 0.0049 1.209e-11
 0.85 420 4.10 0.0050 4.739e-06 0.0047 1.104e-11
 0.85 420 4.20 0.0047 4.783e-06 0.0045 1.010e-11
 0.85 420 4.30 0.0045 4.826e-06 0.0044 9.267e-12
 0.85 420 4.40 0.0043 4.870e-06 0.0042 8.516e-12
 0.85 420 4.50 0.0041 4.913e-06 0.0041 7.840e-12
 0.85 420 4.60 0.0039 4.957e-06 0.0039 7.231e-12
 0.85 420 4.70 0.0038 5.000e-06 0.0038 6.680e-12
 0.85 420 4.80 0.0037 5.000e-06 0.0037 6.181e-12
 0.85 420 4.90 0.0036 5.000e-06 0.0036 5.728e-12
 0.85 420 5.00 0.0035 5.000e-06 0.0035 5.317e-12
 0.85 420 5.10 0.0034 5.000e-06 0.0034 4.942e-12
 0.85 420 5.20 0.0033 5.000e-06 0.0033 4.600e-12
 0.85 420 5.30 0.0033 5.000e-06 0.0033 4.287e-12
 0.85 420 5.40 0.0032 5.000e-06 0.0032 4.000e-12
 0.85 420 5.50 0.0032 5.000e-06 0.0032 3.738e-12
 0.82 380 1.10 0.1312 3.045e-06 0.0240 3.471e-09
 0.82 380 1.20 0.1018 3.176e-06 0.0210 1.779e-09
 0.82 380 1.30 0.0798 3.306e-06 0.0186 1.136e-09
 0.82 380 1.40 0.0632 3.393e-06 0.0165 7.949e-10
 0.82 380 1.50 0.0505 3.480e-06 0.0148 5.858e-10
 0.82 380 1.60 0.0406 3.610e-06 0.0134 4.469e-10
 0.82 380 1.70 0.0330 3.697e-06 0.0121 3.498e-10
 0.82 380 1.80 0.0270 3.784e-06 0.0111 2.793e-10
 0.82 380 1.90 0.0223 3.871e-06 0.0102 2.266e-10
 0.82 380 2.00 0.0186 3.958e-06 0.0094 1.864e-10
 0.82 380 2.10 0.0157 4.044e-06 0.0087 1.550e-10
 0.82 380 2.20 0.0133 4.131e-06 0.0080 1.302e-10
 0.82 380 2.30 0.0114 4.218e-06 0.0075 1.104e-10
 0.82 380 2.40 0.0099 4.305e-06 0.0070 9.428e-11
 0.82 380 2.50 0.0086 4.348e-06 0.0065 8.109e-11
 0.82 380 2.60 0.0076 4.435e-06 0.0061 7.019e-11
 0.82 380 2.70 0.0068 4.522e-06 0.0058 6.111e-11
 0.82 380 2.80 0.0061 4.566e-06 0.0055 5.348e-11
 0.82 380 2.90 0.0056 4.653e-06 0.0052 4.703e-11
 0.82 380 3.00 0.0051 4.739e-06 0.0049 4.155e-11
 0.82 380 3.10 0.0048 4.783e-06 0.0046 3.685e-11
 0.82 380 3.20 0.0045 4.870e-06 0.0044 3.281e-11
 0.82 380 3.30 0.0042 4.913e-06 0.0042 2.932e-11
 0.82 380 3.40 0.0040 5.000e-06 0.0040 2.629e-11
 0.82 380 3.50 0.0038 5.000e-06 0.0038 2.365e-11
 0.82 380 3.60 0.0037 5.000e-06 0.0037 2.133e-11
 0.82 380 3.70 0.0035 5.000e-06 0.0035 1.930e-11
 0.82 380 3.80 0.0034 5.000e-06 0.0034 1.750e-11
 0.82 380 3.90 0.0033 5.000e-06 0.0033 1.591e-11
 0.82 380 4.00 0.0033 5.000e-06 0.0033 1.450e-11
 0.82 380 4.10 0.0032 5.000e-06 0.0032 1.325e-11
 0.82 380 4.20 0.0032 5.000e-06 0.0032 1.212e-11
 0.82 380 4.30 0.0031 5.000e-06 0.0031 1.112e-11
 0.82 380 4.40 0.0031 5.000e-06 0.0031 1.022e-11
 0.82 380 4.50 0.0030 5.000e-06 0.0030 9.408e-12
 0.82 380 4.60 0.0030 5.000e-06 0.0030 8.677e-12
 0.82 380 4.70 0.0030 5.000e-06 0.0030 8.016e-12
 0.82 380 4.80 0.0030 5.000e-06 0.0030 7.417e-12
 0.82 380 4.90 0.0030 5.000e-06 0.0030 6.874e-12
 0.82 380 5.00 0.0029 5.000e-06 0.0029 6.380e-12
 0.82 380 5.10 0.0029 5.000e-06 0.0029 5.930e-12
 0.82 380 5.20 0.0029 5.000e-06 0.0029 5.520e-12
 0.82 380 5.30 0.0029 5.000e-06 0.0029 5.144e-12
 0.82 380 5.40 0.0029 5.000e-06 0.0029 4.801e-12
 0.82 380 5.50 0.0029 5.000e-06 0.0029 4.485e-12
 0.82 400 1.10 0.1999 2.872e-06 0.0293 3.471e-09
 0.82 400 1.20 0.1572 3.002e-06 0.0258 1.779e-09
 0.82 400 1.30 0.1249 3.089e-06 0.0228 1.136e-09
 0.82 400 1.40 0.1001 3.219e-06 0.0203 7.949e-10
 0.82 400 1.50 0.0808 3.306e-06 0.0182 5.858e-10
 0.82 400 1.60 0.0656 3.393e-06 0.0164 4.469e-10
 0.82 400 1.70 0.0537 3.480e-06 0.0149 3.498e-10
 0.82 400 1.80 0.0442 3.567e-06 0.0136 2.793e-10
 0.82 400 1.90 0.0367 3.654e-06 0.0125 2.266e-10
 0.82 400 2.00 0.0306 3.740e-06 0.0115 1.864e-10
 0.82 400 2.10 0.0257 3.827e-06 0.0106 1.550e-10
 0.82 400 2.20 0.0217 3.914e-06 0.0099 1.302e-10
 0.82 400 2.30 0.0185 3.958e-06 0.0092 1.104e-10
 0.82 400 2.40 0.0159 4.044e-06 0.0086 9.428e-11
 0.82 400 2.50 0.0137 4.131e-06 0.0081 8.109e-11
 0.82 400 2.60 0.0119 4.175e-06 0.0076 7.019e-11
 0.82 400 2.70 0.0105 4.262e-06 0.0071 6.111e-11
 0.82 400 2.80 0.0093 4.348e-06 0.0067 5.348e-11
 0.82 400 2.90 0.0083 4.392e-06 0.0063 4.703e-11
 0.82 400 3.00 0.0074 4.479e-06 0.0060 4.155e-11
 0.82 400 3.10 0.0067 4.522e-06 0.0057 3.685e-11
 0.82 400 3.20 0.0061 4.566e-06 0.0054 3.281e-11
 0.82 400 3.30 0.0056 4.653e-06 0.0052 2.932e-11
 0.82 400 3.40 0.0052 4.696e-06 0.0049 2.629e-11
 0.82 400 3.50 0.0049 4.783e-06 0.0047 2.365e-11
 0.82 400 3.60 0.0046 4.826e-06 0.0045 2.133e-11
 0.82 400 3.70 0.0043 4.870e-06 0.0043 1.930e-11
 0.82 400 3.80 0.0041 4.913e-06 0.0041 1.750e-11
 0.82 400 3.90 0.0039 5.000e-06 0.0039 1.591e-11
 0.82 400 4.00 0.0038 5.000e-06 0.0038 1.450e-11
 0.82 400 4.10 0.0037 5.000e-06 0.0037 1.325e-11
 0.82 400 4.20 0.0036 5.000e-06 0.0036 1.212e-11
 0.82 400 4.30 0.0035 5.000e-06 0.0035 1.112e-11
 0.82 400 4.40 0.0034 5.000e-06 0.0034 1.022e-11
 0.82 400 4.50 0.0033 5.000e-06 0.0033 9.408e-12
 0.82 400 4.60 0.0032 5.000e-06 0.0032 8.677e-12
 0.82 400 4.70 0.0032 5.000e-06 0.0032 8.016e-12
 0.82 400 4.80 0.0031 5.000e-06 0.0031 7.417e-12
 0.82 400 4.90 0.0031 5.000e-06 0.0031 6.874e-12
 0.82 400 5.00 0.0031 5.000e-06 0.0031 6.380e-12
 0.82 400 5.10 0.0030 5.000e-06 0.0030 5.930e-12
 0.82 400 5.20 0.0030 5.000e-06 0.0030 5.520e-12
 0.82 400 5.30 0.0030 5.000e-06 0.0030 5.144e-12
 0.82 400 5.40 0.0030 5.000e-06 0.0030 4.801e-12
 0.82 400 5.50 0.0030 5.000e-06 0.0030 4.485e-12
 0.82 420 1.10 0.2937 2.741e-06 0.0355 3.471e-09
 0.82 420 1.20 0.2338 2.828e-06 0.0312 1.779e-09
 0.82 420 1.30 0.1881 2.915e-06 0.0276 1.136e-09
 0.82 420 1.40 0.1526 3.045e-06 0.0246 7.949e-10
 0.82 420 1.50 0.1246 3.132e-06 0.0221 5.858e-10
 0.82 420 1.60 0.1023 3.219e-06 0.0199 4.469e-10
 0.82 420 1.70 0.0845 3.306e-06 0.0181 3.498e-10
 0.82 420 1.80 0.0701 3.393e-06 0.0166 2.793e-10
 0.82 420 1.90 0.0585 3.480e-06 0.0152 2.266e-10
 0.82 420 2.00 0.0491 3.523e-06 0.0140 1.864e-10
 0.82 420 2.10 0.0414 3.610e-06 0.0129 1.550e-10
 0.82 420 2.20 0.0351 3.697e-06 0.0120 1.302e-10
 0.82 420 2.30 0.0299 3.784e-06 0.0112 1.104e-10
 0.82 420 2.40 0.0256 3.827e-06 0.0105 9.428e-11
 0.82 420 2.50 0.0221 3.914e-06 0.0098 8.109e-11
 0.82 420 2.60 0.0191 3.958e-06 0.0092 7.019e-11
 0.82 420 2.70 0.0166 4.044e-06 0.0087 6.111e-11
 0.82 420 2.80 0.0146 4.088e-06 0.0082 5.348e-11
 0.82 420 2.90 0.0128 4.175e-06 0.0077 4.703e-11
 0.82 420 3.00 0.0114 4.218e-06 0.0073 4.155e-11
 0.82 420 3.10 0.0101 4.262e-06 0.0070 3.685e-11
 0.82 420 3.20 0.0091 4.348e-06 0.0066 3.281e-11
 0.82 420 3.30 0.0082 4.392e-06 0.0063 2.932e-11
 0.82 420 3.40 0.0075 4.435e-06 0.0060 2.629e-11
 0.82 420 3.50 0.0068 4.522e-06 0.0057 2.365e-11
 0.82 420 3.60 0.0063 4.566e-06 0.0055 2.133e-11
 0.82 420 3.70 0.0058 4.609e-06 0.0052 1.930e-11
 0.82 420 3.80 0.0054 4.653e-06 0.0050 1.750e-11
 0.82 420 3.90 0.0051 4.739e-06 0.0048 1.591e-11
 0.82 420 4.00 0.0048 4.783e-06 0.0046 1.450e-11
 0.82 420 4.10 0.0045 4.826e-06 0.0044 1.325e-11
 0.82 420 4.20 0.0043 4.870e-06 0.0043 1.212e-11
 0.82 420 4.30 0.0041 4.913e-06 0.0041 1.112e-11
 0.82 420 4.40 0.0040 4.957e-06 0.0040 1.022e-11
 0.82 420 4.50 0.0038 5.000e-06 0.0038 9.408e-12
 0.82 420 4.60 0.0037 5.000e-06 0.0037 8.677e-12
 0.82 420 4.70 0.0036 5.000e-06 0.0036 8.016e-12
 0.82 420 4.80 0.0035 5.000e-06 0.0035 7.417e-12
 0.82 420 4.90 0.0034 5.000e-06 0.0034 6.874e-12
 0.82 420 5.00 0.0034 5.000e-06 0.0034 6.380e-12
 0.82 420 5.10 0.0033 5.000e-06 0.0033 5.930e-12
 0.82 420 5.20 0.0032 5.000e-06 0.0032 5.520e-12
 0.82 420 5.30 0.0032 5.000e-06 0.0032 5.144e-12
 0.82 420 5.40 0.0032 5.000e-06 0.0032 4.801e-12
 0.82 420 5.50 0.0031 5.000e-06 0.0031 4.485e-12
 0.80 380 1.10 0.1155 3.089e-06 0.0231 3.857e-09
 0.80 380 1.20 0.0897 3.219e-06 0.0202 1.976e-09
 0.80 380 1.30 0.0705 3.306e-06 0.0179 1.262e-09
 0.80 380 1.40 0.0559 3.436e-06 0.0159 8.832e-10
 0.80 380 1.50 0.0447 3.523e-06 0.0143 6.508e-10
 0.80 380 1.60 0.0360 3.654e-06 0.0129 4.966e-10
 0.80 380 1.70 0.0293 3.740e-06 0.0117 3.887e-10
 0.80 380 1.80 0.0241 3.827e-06 0.0107 3.103e-10
 0.80 380 1.90 0.0200 3.914e-06 0.0098 2.518e-10
 0.80 380 2.00 0.0167 4.001e-06 0.0090 2.071e-10
 0.80 380 2.10 0.0141 4.088e-06 0.0083 1.722e-10
 0.80 380 2.20 0.0120 4.175e-06 0.0077 1.447e-10
 0.80 380 2.30 0.0104 4.262e-06 0.0072 1.226e-10
 0.80 380 2.40 0.0090 4.348e-06 0.0067 1.048e-10
 0.80 380 2.50 0.0079 4.435e-06 0.0063 9.010e-11
 0.80 380 2.60 0.0070 4.479e-06 0.0059 7.799e-11
 0.80 380 2.70 0.0063 4.566e-06 0.0056 6.790e-11
 0.80 380 2.80 0.0057 4.653e-06 0.0053 5.942e-11
 0.80 380 2.90 0.0053 4.696e-06 0.0050 5.226e-11
 0.80 380 3.00 0.0049 4.783e-06 0.0047 4.616e-11
 0.80 380 3.10 0.0045 4.826e-06 0.0045 4.095e-11
 0.80 380 3.20 0.0043 4.913e-06 0.0042 3.646e-11
 0.80 380 3.30 0.0040 4.957e-06 0.0040 3.258e-11
 0.80 380 3.40 0.0039 5.000e-06 0.0039 2.921e-11
 0.80 380 3.50 0.0037 5.000e-06 0.0037 2.628e-11
 0.80 380 3.60 0.0036 5.000e-06 0.0036 2.370e-11
 0.80 380 3.70 0.0035 5.000e-06 0.0035 2.144e-11
 0.80 380 3.80 0.0034 5.000e-06 0.0034 1.945e-11
 0.80 380 3.90 0.0033 5.000e-06 0.0033 1.768e-11
 0.80 380 4.00 0.0032 5.000e-06 0.0032 1.611e-11
 0.80 380 4.10 0.0032 5.000e-06 0.0032 1.472e-11
 0.80 380 4.20 0.0031 5.000e-06 0.0031 1.347e-11
 0.80 380 4.30 0.0031 5.000e-06 0.0031 1.236e-11
 0.80 380 4.40 0.0030 5.000e-06 0.0030 1.135e-11
 0.80 380 4.50 0.0030 5.000e-06 0.0030 1.045e-11
 0.80 380 4.60 0.0030 5.000e-06 0.0030 9.641e-12
 0.80 380 4.70 0.0030 5.000e-06 0.0030 8.907e-12
 0.80 380 4.80 0.0030 5.000e-06 0.0030 8.242e-12
 0.80 380 4.90 0.0029 5.000e-06 0.0029 7.638e-12
 0.80 380 5.00 0.0029 5.000e-06 0.0029 7.089e-12
 0.80 380 5.10 0.0029 5.000e-06 0.0029 6.589e-12
 0.80 380 5.20 0.0029 5.000e-06 0.0029 6.133e-12
 0.80 380 5.30 0.0029 5.000e-06 0.0029 5.716e-12
 0.80 380 5.40 0.0029 5.000e-06 0.0029 5.334e-12
 0.80 380 5.50 0.0029 5.000e-06 0.0029 4.984e-12
 0.80 400 1.10 0.1759 2.915e-06 0.0283 3.857e-09
 0.80 400 1.20 0.1383 3.045e-06 0.0248 1.976e-09
 0.80 400 1.30 0.1100 3.132e-06 0.0219 1.262e-09
 0.80 400 1.40 0.0882 3.219e-06 0.0195 8.832e-10
 0.80 400 1.50 0.0713 3.349e-06 0.0175 6.508e-10
 0.80 400 1.60 0.0580 3.436e-06 0.0158 4.966e-10
 0.80 400 1.70 0.0475 3.523e-06 0.0144 3.887e-10
 0.80 400 1.80 0.0392 3.610e-06 0.0131 3.103e-10
 0.80 400 1.90 0.0325 3.697e-06 0.0120 2.518e-10
 0.80 400 2.00 0.0272 3.784e-06 0.0111 2.071e-10
 0.80 400 2.10 0.0229 3.871e-06 0.0103 1.722e-10
 0.80 400 2.20 0.0194 3.958e-06 0.0095 1.447e-10
 0.80 400 2.30 0.0166 4.001e-06 0.0089 1.226e-10
 0.80 400 2.40 0.0143 4.088e-06 0.0083 1.048e-10
 0.80 400 2.50 0.0124 4.175e-06 0.0078 9.010e-11
 0.80 400 2.60 0.0108 4.262e-06 0.0073 7.799e-11
 0.80 400 2.70 0.0095 4.305e-06 0.0069 6.790e-11
 0.80 400 2.80 0.0085 4.392e-06 0.0065 5.942e-11
 0.80 400 2.90 0.0076 4.435e-06 0.0061 5.226e-11
 0.80 400 3.00 0.0069 4.522e-06 0.0058 4.616e-11
 0.80 400 3.10 0.0062 4.566e-06 0.0055 4.095e-11
 0.80 400 3.20 0.0057 4.653e-06 0.0052 3.646e-11
 0.80 400 3.30 0.0053 4.696e-06 0.0050 3.258e-11
 0.80 400 3.40 0.0049 4.739e-06 0.0047 2.921e-11
 0.80 400 3.50 0.0046 4.826e-06 0.0045 2.628e-11
 0.80 400 3.60 0.0044 4.870e-06 0.0043 2.370e-11
 0.80 400 3.70 0.0042 4.913e-06 0.0041 2.144e-11
 0.80 400 3.80 0.0040 5.000e-06 0.0040 1.945e-11
 0.80 400 3.90 0.0038 5.000e-06 0.0038 1.768e-11
 0.80 400 4.00 0.0037 5.000e-06 0.0037 1.611e-11
 0.80 400 4.10 0.0036 5.000e-06 0.0036 1.472e-11
 0.80 400 4.20 0.0035 5.000e-06 0.0035 1.347e-11
 0.80 400 4.30 0.0034 5.000e-06 0.0034 1.236e-11
 0.80 400 4.40 0.0033 5.000e-06 0.0033 1.135e-11
 0.80 400 4.50 0.0032 5.000e-06 0.0032 1.045e-11
 0.80 400 4.60 0.0032 5.000e-06 0.0032 9.641e-12
 0.80 400 4.70 0.0031 5.000e-06 0.0031 8.907e-12
 0.80 400 4.80 0.0031 5.000e-06 0.0031 8.242e-12
 0.80 400 4.90 0.0031 5.000e-06 0.0031 7.638e-12
 0.80 400 5.00 0.0030 5.000e-06 0.0030 7.089e-12
 0.80 400 5.10 0.0030 5.000e-06 0.0030 6.589e-12
 0.80 400 5.20 0.0030 5.000e-06 0.0030 6.133e-12
 0.80 400 5.30 0.0030 5.000e-06 0.0030 5.716e-12
 0.80 400 5.40 0.0030 5.000e-06 0.0030 5.334e-12
 0.80 400 5.50 0.0029 5.000e-06 0.0029 4.984e-12
 0.80 420 1.10 0.2582 2.741e-06 0.0343 3.857e-09
 0.80 420 1.20 0.2056 2.872e-06 0.0301 1.976e-09
 0.80 420 1.30 0.1655 2.959e-06 0.0266 1.262e-09
 0.80 420 1.40 0.1343 3.045e-06 0.0237 8.832e-10
 0.80 420 1.50 0.1097 3.176e-06 0.0213 6.508e-10
 0.80 420 1.60 0.0902 3.263e-06 0.0192 4.966e-10
 0.80 420 1.70 0.0745 3.349e-06 0.0175 3.887e-10
 0.80 420 1.80 0.0619 3.436e-06 0.0160 3.103e-10
 0.80 420 1.90 0.0517 3.523e-06 0.0146 2.518e-10
 0.80 420 2.00 0.0435 3.567e-06 0.0135 2.071e-10
 0.80 420 2.10 0.0367 3.654e-06 0.0125 1.722e-10
 0.80 420 2.20 0.0312 3.740e-06 0.0116 1.447e-10
 0.80 420 2.30 0.0266 3.827e-06 0.0108 1.226e-10
 0.80 420 2.40 0.0228 3.871e-06 0.0101 1.048e-10
 0.80 420 2.50 0.0197 3.958e-06 0.0095 9.010e-11
 0.80 420 2.60 0.0171 4.001e-06 0.0089 7.799e-11
 0.80 420 2.70 0.0150 4.088e-06 0.0084 6.790e-11
 0.80 420 2.80 0.0131 4.131e-06 0.0079 5.942e-11
 0.80 420 2.90 0.0116 4.218e-06 0.0075 5.226e-11
 0.80 420 3.00 0.0103 4.262e-06 0.0071 4.616e-11
 0.80 420 3.10 0.0093 4.348e-06 0.0067 4.095e-11
 0.80 420 3.20 0.0083 4.392e-06 0.0064 3.646e-11
 0.80 420 3.30 0.0076 4.435e-06 0.0061 3.258e-11
 0.80 420 3.40 0.0069 4.522e-06 0.0058 2.921e-11
 0.80 420 3.50 0.0064 4.566e-06 0.0055 2.628e-11
 0.80 420 3.60 0.0059 4.609e-06 0.0053 2.370e-11
 0.80 420 3.70 0.0055 4.653e-06 0.0051 2.144e-11
 0.80 420 3.80 0.0051 4.739e-06 0.0048 1.945e-11
 0.80 420 3.90 0.0048 4.783e-06 0.0046 1.768e-11
 0.80 420 4.00 0.0046 4.826e-06 0.0045 1.611e-11
 0.80 420 4.10 0.0043 4.870e-06 0.0043 1.472e-11
 0.80 420 4.20 0.0041 4.913e-06 0.0041 1.347e-11
 0.80 420 4.30 0.0040 4.957e-06 0.0040 1.236e-11
 0.80 420 4.40 0.0038 5.000e-06 0.0038 1.135e-11
 0.80 420 4.50 0.0037 5.000e-06 0.0037 1.045e-11
 0.80 420 4.60 0.0036 5.000e-06 0.0036 9.641e-12
 0.80 420 4.70 0.0035 5.000e-06 0.0035 8.907e-12
 0.80 420 4.80 0.0034 5.000e-06 0.0034 8.242e-12
 0.80 420 4.90 0.0034 5.000e-06 0.0034 7.638e-12
 0.80 420 5.00 0.0033 5.000e-06 0.0033 7.089e-12
 0.80 420 5.10 0.0032 5.000e-06 0.0032 6.589e-12
 0.80 420 5.20 0.0032 5.000e-06 0.0032 6.133e-12
 0.80 420 5.30 0.0032 5.000e-06 0.0032 5.716e-12
 0.80 420 5.40 0.0031 5.000e-06 0.0031 5.334e-12
 0.80 420 5.50 0.0031 5.000e-06 0.0031 4.984e-12
 0.78 380 1.10 0.1027 3.132e-06 0.0223 4.242e-09
 0.78 380 1.20 0.0798 3.263e-06 0.0195 2.174e-09
 0.78 380 1.30 0.0628 3.349e-06 0.0173 1.389e-09
 0.78 380 1.40 0.0498 3.480e-06 0.0154 9.715e-10
 0.78 380 1.50 0.0399 3.567e-06 0.0138 7.159e-10
 0.78 380 1.60 0.0323 3.697e-06 0.0124 5.463e-10
 0.78 380 1.70 0.0263 3.784e-06 0.0113 4.276e-10
 0.78 380 1.80 0.0217 3.871e-06 0.0103 3.414e-10
 0.78 380 1.90 0.0180 3.958e-06 0.0095 2.770e-10
 0.78 380 2.00 0.0151 4.044e-06 0.0087 2.278e-10
 0.78 380 2.10 0.0128 4.131e-06 0.0081 1.895e-10
 0.78 380 2.20 0.0110 4.218e-06 0.0075 1.592e-10
 0.78 380 2.30 0.0095 4.305e-06 0.0070 1.349e-10
 0.78 380 2.40 0.0083 4.392e-06 0.0065 1.152e-10
 0.78 380 2.50 0.0074 4.479e-06 0.0061 9.911e-11
 0.78 380 2.60 0.0066 4.522e-06 0.0057 8.579e-11
 0.78 380 2.70 0.0059 4.609e-06 0.0054 7.469e-11
 0.78 380 2.80 0.0054 4.696e-06 0.0051 6.537e-11
 0.78 380 2.90 0.0050 4.739e-06 0.0048 5.749e-11
 0.78 380 3.00 0.0046 4.826e-06 0.0045 5.078e-11
 0.78 380 3.10 0.0043 4.913e-06 0.0043 4.504e-11
 0.78 380 3.20 0.0041 4.957e-06 0.0041 4.011e-11
 0.78 380 3.30 0.0039 5.000e-06 0.0039 3.584e-11
 0.78 380 3.40 0.0037 5.000e-06 0.0037 3.213e-11
 0.78 380 3.50 0.0036 5.000e-06 0.0036 2.890e-11
 0.78 380 3.60 0.0035 5.000e-06 0.0035 2.607e-11
 0.78 380 3.70 0.0034 5.000e-06 0.0034 2.359e-11
 0.78 380 3.80 0.0033 5.000e-06 0.0033 2.139e-11
 0.78 380 3.90 0.0032 5.000e-06 0.0032 1.945e-11
 0.78 380 4.00 0.0032 5.000e-06 0.0032 1.772e-11
 0.78 380 4.10 0.0031 5.000e-06 0.0031 1.619e-11
 0.78 380 4.20 0.0031 5.000e-06 0.0031 1.482e-11
 0.78 380 4.30 0.0031 5.000e-06 0.0031 1.359e-11
 0.78 380 4.40 0.0030 5.000e-06 0.0030 1.249e-11
 0.78 380 4.50 0.0030 5.000e-06 0.0030 1.150e-11
 0.78 380 4.60 0.0030 5.000e-06 0.0030 1.061e-11
 0.78 380 4.70 0.0030 5.000e-06 0.0030 9.797e-12
 0.78 380 4.80 0.0029 5.000e-06 0.0029 9.066e-12
 0.78 380 4.90 0.0029 5.000e-06 0.0029 8.402e-12
 0.78 380 5.00 0.0029 5.000e-06 0.0029 7.798e-12
 0.78 380 5.10 0.0029 5.000e-06 0.0029 7.248e-12
 0.78 380 5.20 0.0029 5.000e-06 0.0029 6.746e-12
 0.78 380 5.30 0.0029 5.000e-06 0.0029 6.287e-12
 0.78 380 5.40 0.0029 5.000e-06 0.0029 5.867e-12
 0.78 380 5.50 0.0029 5.000e-06 0.0029 5.482e-12
 0.78 400 1.10 0.1562 2.959e-06 0.0273 4.242e-09
 0.78 400 1.20 0.1229 3.045e-06 0.0240 2.174e-09
 0.78 400 1.30 0.0978 3.176e-06 0.0212 1.389e-09
 0.78 400 1.40 0.0785 3.263e-06 0.0189 9.715e-10
 0.78 400 1.50 0.0635 3.393e-06 0.0169 7.159e-10
 0.78 400 1.60 0.0517 3.480e-06 0.0153 5.463e-10
 0.78 400 1.70 0.0424 3.567e-06 0.0139 4.276e-10
 0.78 400 1.80 0.0350 3.654e-06 0.0127 3.414e-10
 0.78 400 1.90 0.0292 3.740e-06 0.0116 2.770e-10
 0.78 400 2.00 0.0244 3.827e-06 0.0107 2.278e-10
 0.78 400 2.10 0.0206 3.914e-06 0.0099 1.895e-10
 0.78 400 2.20 0.0175 4.001e-06 0.0092 1.592e-10
 0.78 400 2.30 0.0150 4.044e-06 0.0086 1.349e-10
 0.78 400 2.40 0.0130 4.131e-06 0.0080 1.152e-10
 0.78 400 2.50 0.0113 4.218e-06 0.0075 9.911e-11
 0.78 400 2.60 0.0099 4.305e-06 0.0070 8.579e-11
 0.78 400 2.70 0.0088 4.348e-06 0.0066 7.469e-11
 0.78 400 2.80 0.0078 4.435e-06 0.0063 6.537e-11
 0.78 400 2.90 0.0071 4.479e-06 0.0059 5.749e-11
 0.78 400 3.00 0.0064 4.566e-06 0.0056 5.078e-11
 0.78 400 3.10 0.0059 4.609e-06 0.0053 4.504e-11
 0.78 400 3.20 0.0054 4.696e-06 0.0051 4.011e-11
 0.78 400 3.30 0.0050 4.739e-06 0.0048 3.584e-11
 0.78 400 3.40 0.0047 4.826e-06 0.0046 3.213e-11
 0.78 400 3.50 0.0044 4.870e-06 0.0044 2.890e-11
 0.78 400 3.60 0.0042 4.913e-06 0.0042 2.607e-11
 0.78 400 3.70 0.0040 5.000e-06 0.0040 2.359e-11
 0.78 400 3.80 0.0038 5.000e-06 0.0038 2.139e-11
 0.78 400 3.90 0.0037 5.000e-06 0.0037 1.945e-11
 0.78 400 4.00 0.0036 5.000e-06 0.0036 1.772e-11
 0.78 400 4.10 0.0035 5.000e-06 0.0035 1.619e-11
 0.78 400 4.20 0.0034 5.000e-06 0.0034 1.482e-11
 0.78 400 4.30 0.0033 5.000e-06 0.0033 1.359e-11
 0.78 400 4.40 0.0033 5.000e-06 0.0033 1.249e-11
 0.78 400 4.50 0.0032 5.000e-06 0.0032 1.150e-11
 0.78 400 4.60 0.0032 5.000e-06 0.0032 1.061e-11
 0.78 400 4.70 0.0031 5.000e-06 0.0031 9.797e-12
 0.78 400 4.80 0.0031 5.000e-06 0.0031 9.066e-12
 0.78 400 4.90 0.0030 5.000e-06 0.0030 8.402e-12
 0.78 400 5.00 0.0030 5.000e-06 0.0030 7.798e-12
 0.78 400 5.10 0.0030 5.000e-06 0.0030 7.248e-12
 0.78 400 5.20 0.0030 5.000e-06 0.0030 6.746e-12
 0.78 400 5.30 0.0030 5.000e-06 0.0030 6.287e-12
 0.78 400 5.40 0.0029 5.000e-06 0.0029 5.867e-12
 0.78 400 5.50 0.0029 5.000e-06 0.0029 5.482e-12
 0.78 420 1.10 0.2292 2.785e-06 0.0331 4.242e-09
 0.78 420 1.20 0.1826 2.915e-06 0.0291 2.174e-09
 0.78 420 1.30 0.1471 3.002e-06 0.0257 1.389e-09
 0.78 420 1.40 0.1194 3.089e-06 0.0229 9.715e-10
 0.78 420 1.50 0.0976 3.176e-06 0.0206 7.159e-10
 0.78 420 1.60 0.0802 3.263e-06 0.0186 5.463e-10
 0.78 420 1.70 0.0664 3.393e-06 0.0169 4.276e-10
 0.78 420 1.80 0.0552 3.436e-06 0.0154 3.414e-10
 0.78 420 1.90 0.0462 3.523e-06 0.0141 2.770e-10
 0.78 420 2.00 0.0388 3.610e-06 0.0130 2.278e-10
 0.78 420 2.10 0.0329 3.697e-06 0.0121 1.895e-10
 0.78 420 2.20 0.0279 3.784e-06 0.0112 1.592e-10
 0.78 420 2.30 0.0239 3.827e-06 0.0104 1.349e-10
 0.78 420 2.40 0.0206 3.914e-06 0.0098 1.152e-10
 0.78 420 2.50 0.0178 4.001e-06 0.0091 9.911e-11
 0.78 420 2.60 0.0155 4.044e-06 0.0086 8.579e-11
 0.78 420 2.70 0.0136 4.131e-06 0.0081 7.469e-11
 0.78 420 2.80 0.0120 4.175e-06 0.0076 6.537e-11
 0.78 420 2.90 0.0106 4.262e-06 0.0072 5.749e-11
 0.78 420 3.00 0.0095 4.305e-06 0.0068 5.078e-11
 0.78 420 3.10 0.0085 4.392e-06 0.0065 4.504e-11
 0.78 420 3.20 0.0077 4.435e-06 0.0062 4.011e-11
 0.78 420 3.30 0.0070 4.479e-06 0.0059 3.584e-11
 0.78 420 3.40 0.0064 4.566e-06 0.0056 3.213e-11
 0.78 420 3.50 0.0060 4.609e-06 0.0053 2.890e-11
 0.78 420 3.60 0.0055 4.653e-06 0.0051 2.607e-11
 0.78 420 3.70 0.0052 4.696e-06 0.0049 2.359e-11
 0.78 420 3.80 0.0049 4.783e-06 0.0047 2.139e-11
 0.78 420 3.90 0.0046 4.826e-06 0.0045 1.945e-11
 0.78 420 4.00 0.0044 4.870e-06 0.0043 1.772e-11
 0.78 420 4.10 0.0042 4.913e-06 0.0042 1.619e-11
 0.78 420 4.20 0.0040 4.957e-06 0.0040 1.482e-11
 0.78 420 4.30 0.0038 5.000e-06 0.0038 1.359e-11
 0.78 420 4.40 0.0037 5.000e-06 0.0037 1.249e-11
 0.78 420 4.50 0.0036 5.000e-06 0.0036 1.150e-11
 0.78 420 4.60 0.0035 5.000e-06 0.0035 1.061e-11
 0.78 420 4.70 0.0034 5.000e-06 0.0034 9.797e-12
 0.78 420 4.80 0.0034 5.000e-06 0.0034 9.066e-12
 0.78 420 4.90 0.0033 5.000e-06 0.0033 8.402e-12
 0.78 420 5.00 0.0032 5.000e-06 0.0032 7.798e-12
 0.78 420 5.10 0.0032 5.000e-06 0.0032 7.248e-12
 0.78 420 5.20 0.0032 5.000e-06 0.0032 6.746e-12
 0.78 420 5.30 0.0031 5.000e-06 0.0031 6.287e-12
 0.78 420 5.40 0.0031 5.000e-06 0.0031 5.867e-12
 0.78 420 5.50 0.0031 5.000e-06 0.0031 5.482e-12
