MJD WL
60572.69456 1.9619
60572.69456 4.6783
60572.696 2.0076
60572.696 4.7125
60572.69744 2.0543
60572.69744 4.7471
60572.69888 2.1022
60572.69888 4.7818
60573.44858 2.1504
60573.44858 4.8163
60573.45002 2.2004
60573.45002 4.8516
60573.45146 2.2517
60573.45146 4.8871
60573.4529 2.3041
60573.4529 4.9229
60575.16127 1.6147
60575.16127 4.3982
60575.16271 1.6523
60575.16271 4.4305
60575.16415 1.6908
60575.16415 4.4629
60575.16559 1.7302
60575.16559 4.4956
60575.36547 2.3556
60575.36547 4.9575
60575.36691 2.4104
60575.36691 4.9938
60575.91361 1.3284
60575.91361 4.0853
60575.91505 1.3595
60575.91505 4.1208
60575.91649 1.3914
60575.91649 4.1566
60575.91793 1.424
60575.91793 4.1927
60581.05374 1.7655
60581.05374 4.5244
60581.05518 1.8066
60581.05518 4.5576
60581.05662 1.8487
60581.05662 4.591
60581.05806 1.8917
60581.05806 4.6246
60581.53161 1.4536
60581.53161 4.2251
60581.53305 1.4876
60581.53305 4.2618
60581.53449 1.5224
60581.53449 4.2989
60581.53593 1.5581
60581.53593 4.3362
60581.73857 1.9352
60581.73857 4.658
60582.07996 1.0905
60582.07996 3.7947
60582.08141 1.116
60582.08141 3.8276
60582.08285 1.1421
60582.08285 3.8609
60582.08429 1.1689
60582.08429 3.8944
60582.21691 1.5941
60582.21691 4.3734
60582.21835 1.6314
60582.21835 4.4114
60582.97109 0.8968
60582.97109 2.9801
60582.97253 0.9179
60582.97253 3.0616
60582.97398 0.9394
60582.97398 3.1453
60582.97542 0.9614
60582.97542 3.2314
60583.24765 1.1956
60583.24765 3.9275
60583.24909 1.2236
60583.24909 3.9616
60583.25053 1.2522
60583.25053 3.9961
60583.25198 1.2816
60583.25198 4.0308
60583.86407 0.9836
60583.86407 3.3182
60583.86551 1.0066
60583.86551 3.409
60583.86696 1.0302
60583.86696 3.5022
60583.8684 1.0544
60583.8684 3.598
60584.33987 1.3109
60584.33987 4.0651
60584.48015 0.7549
60584.48015 2.4384
60584.48159 0.7726
60584.48159 2.5051
60584.48303 0.7907
60584.48303 2.5736
60584.54956 1.0788
60584.54956 3.695
60584.551 1.104
60584.551 3.7961
60585.91805 0.8087
60585.91805 2.642
60585.91949 0.8277
60585.91949 2.7142
60585.92093 0.8471
60585.92093 2.7885
60585.92237 0.8669
60585.92237 2.8647
60586.67446 0.887
60586.67446 2.9419
60746.46191 0.9138
60746.46191 3.0457
60746.46335 0.8929
60746.46335 2.9648
60746.46479 0.8724
60746.46479 2.886
60746.46623 0.8525
60746.46623 2.8093
60747.14827 0.8328
60747.14827 2.7339
60747.14971 0.8138
60747.14971 2.6612
60747.15115 0.7952
60747.15115 2.5905
60747.15259 0.777
60747.15259 2.5217
60747.83179 0.759
60747.83179 2.454
60747.83323 0.7417
60747.83323 2.3888
60747.9738 1.1093
60747.9738 3.8171
60747.97524 1.0839
60747.97524 3.7157
60747.97668 1.0592
60747.97668 3.617
60748.51922 1.3858
60748.51922 4.1504
60748.52066 1.3543
60748.52066 4.1148
60748.5221 1.3235
60748.5221 4.0796
60748.52354 1.2933
60748.52354 4.0446
60749.13494 1.0345
60749.13494 3.5193
60749.13638 1.0109
60749.13638 3.4258
60749.13783 0.9878
60749.13783 3.3347
60749.13927 0.9652
60749.13927 3.2461
60749.54376 1.2347
60749.54376 3.9751
60749.5452 1.2066
60749.5452 3.941
60749.54664 1.1792
60749.54664 3.9072
60749.54809 1.1523
60749.54809 3.8738
60750.09354 0.9428
60750.09354 3.1587
60750.09512 0.934
60750.09512 3.1245
60750.84904 1.6422
60750.84904 4.4223
60750.85048 1.6048
60750.85048 4.3844
60750.85192 1.5683
60750.85192 4.3468
60750.98505 1.1256
60750.98505 3.8399
60750.98649 1.1
60750.98649 3.807
60752.08201 1.532
60752.08201 4.3089
60752.08345 1.4971
60752.08345 4.272
60752.08489 1.463
60752.08489 4.2354
60752.08633 1.4297
60752.08633 4.1991
60753.24612 1.3967
60753.24612 4.1626
60753.38306 1.262
60753.38306 4.0076
60754.61422 2.0448
60754.61422 4.7401
60754.61566 1.9985
60754.61566 4.7058
60754.6171 1.9532
60754.6171 4.6717
60754.61854 1.909
60754.61854 4.638
60756.53156 1.8645
60756.53156 4.6034
60756.533 1.8223
60756.533 4.5701
60756.53444 1.781
60756.53444 4.5371
60756.53588 1.7407
60756.53588 4.5042
60757.21979 2.4201
60757.21979 5.0002
60757.22123 2.3654
60757.22123 4.964
60757.22267 2.3118
60757.22267 4.9281
60757.285 1.7008
60757.285 4.4713
60757.28644 1.6624
60757.28644 4.4389
60757.28788 1.6247
60757.28788 4.4069
60758.51778 2.2584
60758.51778 4.8917
60758.51922 2.2073
60758.51922 4.8564
60758.52066 2.1573
60758.52066 4.8213
60758.5221 2.1085
60758.5221 4.7864
60760.16481 2.0594
60760.16481 4.7508
60944.56439 1.9368
60944.56439 4.6593
60944.56583 1.9817
60944.56583 4.6933
60944.56727 2.0277
60944.56727 4.7275
60944.56871 2.0747
60944.56871 4.762
60946.4802 2.121
60946.4802 4.7954
60946.48164 2.1702
60946.48164 4.8304
60946.48308 2.2205
60946.48308 4.8656
60946.48452 2.272
60946.48452 4.9011
60947.37326 1.6324
60947.37326 4.4134
60947.3747 1.6703
60947.3747 4.4456
60947.37614 1.709
60947.37614 4.478
60947.44006 2.3237
60947.44006 4.9361
60947.4415 2.3776
60947.4415 4.9721
60947.44295 2.4327
60947.44295 5.0084
60947.50899 1.3239
60947.50899 4.0801
60947.51043 1.3547
60947.51043 4.1153
60947.51188 1.3862
60947.51188 4.1508
60947.51332 1.4184
60947.51332 4.1866
60947.71422 1.7483
60947.71422 4.5105
60947.71566 1.7889
60947.71566 4.5434
60947.71711 1.8304
60947.71711 4.5765
60947.71855 1.8728
60947.71855 4.6099
60949.15257 1.484
60949.15257 4.258
60949.15401 1.5185
60949.15401 4.2947
60949.15545 1.5538
60949.15545 4.3317
60949.15689 1.5899
60949.15689 4.3691
60949.42649 1.6266
60949.42649 4.4066
60949.42793 1.6644
60949.42793 4.4446
60949.63048 1.9146
60949.63048 4.6422
60950.04199 1.1156
60950.04199 3.8271
60950.04344 1.1415
60950.04344 3.8601
60950.04488 1.168
60950.04488 3.8934
60950.31596 1.3211
60950.31596 4.0769
60950.31741 1.3519
60950.31741 4.1121
60950.31885 1.3833
60950.31885 4.1476
60950.32029 1.4155
60950.32029 4.1834
60950.65833 1.1948
60950.65833 3.9266
60950.65977 1.2226
60950.65977 3.9604
60950.66121 1.251
60950.66121 3.9946
60950.66265 1.2801
60950.66265 4.029
60952.23089 1.447
60952.23089 4.218
60952.23233 1.4807
60952.23233 4.2544
60952.23378 1.5151
60952.23378 4.2911
60952.23522 1.5503
60952.23522 4.3281
60952.78102 1.3086
60952.78102 4.0623
60953.12123 1.4477
60953.12123 4.2187
60953.12302 1.5857
60953.12302 4.3648
60953.12446 1.6226
60953.12446 4.4025
60953.1259 1.6603
60953.1259 4.4404
60953.26057 1.1128
60953.26057 3.8235
60953.26201 1.1386
60953.26201 3.8565
60953.26345 1.1651
60953.26345 3.8898
60954.07866 0.8826
60954.07866 2.925
60954.08011 0.9032
60954.08011 3.0047
60954.08155 0.9243
60954.08155 3.0867
60954.08299 0.9459
60954.08299 3.1709
60954.76592 1.1913
60954.76592 3.9223
60954.76736 1.219
60954.76736 3.9561
60954.7688 1.2474
60954.7688 3.9903
60954.77024 1.2764
60954.77024 4.0247
60955.3119 0.9675
60955.3119 3.2551
60955.31334 0.9901
60955.31334 3.3439
60955.31478 1.0132
60955.31478 3.4351
60955.31622 1.0369
60955.31622 3.5287
60955.93006 1.3054
60955.93006 4.0586
60956.82122 0.7428
60956.82122 2.393
60956.82266 0.7602
60956.82266 2.4583
60956.8241 0.7779
60956.8241 2.5253
60957.16178 1.0602
60957.16178 3.6212
60957.16322 1.085
60957.16322 3.72
60957.16466 1.1104
60957.16466 3.8214
60958.25721 0.7956
60958.25721 2.5921
60958.25865 0.8142
60958.25865 2.6628
60958.26009 0.8332
60958.26009 2.7354
60958.26153 0.8527
60958.26153 2.81
60959.55789 0.8721
60959.55789 2.8846
61119.01099 0.945
61119.01099 3.1672
61119.01244 0.9234
61119.01244 3.0829
61119.01388 0.9022
61119.01388 3.0009
61119.01532 0.8816
61119.01532 2.9211
61120.58567 0.8609
61120.58567 2.8414
61120.58711 0.8412
61120.58711 2.7658
61120.58855 0.8219
61120.58855 2.6922
61120.58999 0.8031
61120.58999 2.6206
61121.54793 1.0951
61121.54793 3.7601
61121.54938 1.07
61121.54938 3.6601
61121.61172 0.7844
61121.61172 2.5498
61121.61316 0.7664
61121.61316 2.4819
61121.6146 0.7489
61121.6146 2.4159
61122.16252 1.0453
61122.16252 3.5618
61122.16396 1.0213
61122.16396 3.467
61122.1654 0.9979
61122.1654 3.3748
61122.16684 0.9751
61122.16684 3.285
61122.57231 1.3884
61122.57231 4.1533
61122.57375 1.3566
61122.57375 4.1175
61122.57519 1.3256
61122.57519 4.082
61122.57663 1.2952
61122.57663 4.0468
61127.83934 1.2632
61127.83934 4.0091
61127.84078 1.2343
61127.84078 3.9746
61127.84222 1.2061
61127.84222 3.9403
61127.84366 1.1785
61127.84366 3.9064
61127.97958 1.6446
61127.97958 4.4248
61127.98102 1.607
61127.98102 4.3867
61128.25062 1.5701
61128.25062 4.3487
61128.25206 1.5342
61128.25206 4.3113
61128.2535 1.4991
61128.2535 4.2741
61128.25494 1.4648
61128.25494 4.2373
61128.38792 1.1513
61128.38792 3.8724
61128.38936 1.1249
61128.38936 3.8391
61128.3908 1.0992
61128.3908 3.806
61129.14067 2.048
61129.14067 4.7424
61129.14211 2.0013
61129.14211 4.7079
61129.14355 1.9558
61129.14355 4.6737
61129.145 1.9112
61129.145 4.6397
61129.21291 1.4308
61129.21291 4.2003
61129.21435 1.3981
61129.21435 4.1641
61129.62291 1.8674
61129.62291 4.6057
61129.62435 1.8249
61129.62435 4.5722
61129.62579 1.7834
61129.62579 4.5389
61129.62723 1.7428
61129.62723 4.5059
61130.30676 2.4277
61130.30676 5.0051
61130.3082 2.3725
61130.3082 4.9688
61130.30964 2.3185
61130.30964 4.9326
61130.37431 1.7027
61130.37431 4.4728
61130.37575 1.6639
61130.37575 4.4403
61130.3772 1.6261
61130.3772 4.408
61130.85487 2.2653
61130.85487 4.8965
61130.85631 2.2137
61130.85631 4.8609
61130.85775 2.1633
61130.85775 4.8255
61130.85919 2.1141
61130.85919 4.7904
61132.01763 2.0651
61132.01763 4.755
