MJD WL
60621.30385 0.8676
60621.30385 2.8674
60621.30529 0.8478
60621.30529 2.7914
60621.30673 0.8285
60621.30673 2.7174
60621.30818 0.8096
60621.30818 2.6454
60622.74196 0.7863
60622.74196 2.5571
60622.74341 0.7684
60622.74341 2.4894
60622.74485 0.7509
60622.74485 2.4235
60622.81751 0.8904
60622.81751 2.9551
60627.40269 1.126
60627.40269 3.8839
60627.40413 1.1004
60627.40413 3.7814
60627.40557 1.0754
60627.40557 3.6816
60627.40701 1.051
60627.40701 3.5844
60627.60726 0.8423
60627.60726 2.7702
60627.6087 0.8231
60627.6087 2.6967
60627.61014 0.8043
60627.61014 2.6252
60628.0873 1.0245
60628.0873 3.4796
60628.08874 1.0012
60628.08874 3.3878
60628.09018 0.9785
60628.09018 3.2984
60628.09162 0.9563
60628.09162 3.2113
60628.29209 0.7827
60628.29209 2.5433
60628.29353 0.7648
60628.29353 2.4758
60628.29497 0.7474
60628.29497 2.4102
60629.86976 1.1067
60629.86976 3.8067
60629.87121 1.0814
60629.87121 3.7057
60629.87265 1.0567
60629.87265 3.6073
60629.87409 1.0326
60629.87409 3.5115
60630.7598 1.0038
60630.7598 3.3978
60630.76124 0.9808
60630.76124 3.3075
60630.76269 0.9584
60630.76269 3.2196
60630.89575 1.2136
60630.89575 3.9496
60630.89719 1.1859
60630.89719 3.9156
60630.89863 1.1588
60630.89863 3.8819
60630.90007 1.1323
60630.90007 3.8485
60631.17007 0.9343
60631.17007 3.1254
60631.17151 0.9129
60631.17151 3.0423
60631.17295 0.892
60631.17295 2.9615
60631.17439 0.8716
60631.17439 2.8828
60631.65083 1.6102
60631.65083 4.3899
60631.65227 1.5734
60631.65227 4.3521
60632.12928 1.099
60632.12928 3.8058
60632.5403 1.5302
60632.5403 4.307
60632.54175 1.4952
60632.54175 4.2699
60632.54319 1.461
60632.54319 4.2332
60632.54463 1.4276
60632.54463 4.1967
60632.74522 0.8439
60632.74522 2.7764
60632.74667 0.8246
60632.74667 2.7026
60633.84244 1.7666
60633.84244 4.5254
60633.84388 1.7264
60633.84388 4.4925
60633.84532 1.6871
60633.84532 4.4598
60633.84676 1.6487
60633.84676 4.4274
60633.97952 1.3845
60633.97952 4.1489
60633.98096 1.3528
60633.98096 4.1132
60633.9824 1.3219
60633.9824 4.0777
60633.98385 1.2916
60633.98385 4.0426
60634.73316 2.3955
60634.73316 4.984
60634.7346 2.341
60634.7346 4.9477
60634.73604 2.2877
60634.73604 4.9118
60634.86924 1.2563
60634.86924 4.001
60634.87068 1.2276
60634.87068 3.9665
60634.87212 1.1995
60634.87212 3.9323
60635.14425 2.2314
60635.14425 4.8732
60635.14569 2.1806
60635.14569 4.8377
60635.14713 2.131
60635.14713 4.8025
60635.14857 2.0825
60635.14857 4.7676
60637.20151 2.0168
60637.20151 4.7194
60637.20295 1.9709
60637.20295 4.6851
60637.20439 1.926
60637.20439 4.651
60637.20583 1.8822
60637.20583 4.6172
60638.22709 1.8317
60638.22709 4.5775
60638.22854 1.79
60638.22854 4.5443
60638.22998 1.7492
60638.22998 4.5112
60889.23493 2.3253
60889.23493 4.9372
60889.23637 2.3794
60889.23637 4.9734
60889.23781 2.4348
60889.23781 5.0098
60889.84979 1.6308
60889.84979 4.412
60889.85123 1.6687
60889.85123 4.4443
60889.85267 1.7076
60889.85267 4.4769
60894.16424 1.7456
60894.16424 4.5082
60894.16568 1.7863
60894.16568 4.5413
60894.16712 1.8279
60894.16712 4.5745
60894.16856 1.8704
60894.16856 4.608
60895.94485 1.914
60895.94485 4.6418
60895.94629 1.9586
60895.94629 4.6758
60895.94773 2.0042
60895.94773 4.7101
60895.94918 2.0509
60895.94918 4.7446
60896.08285 1.614
60896.08285 4.3938
60896.35693 1.1044
60896.35693 3.8127
60896.35837 1.1302
60896.35837 3.8458
60896.35981 1.1567
60896.35981 3.8792
60897.38275 2.099
60897.38275 4.7795
60897.38419 2.1479
60897.38419 4.8146
60897.38563 2.1979
60897.38563 4.8498
60897.38707 2.2491
60897.38707 4.8853
60897.65697 1.1845
60897.65697 3.9139
60897.65841 1.2123
60897.65841 3.9479
60897.65985 1.2406
60897.65985 3.9822
60897.66129 1.2697
60897.66129 4.0168
60897.86305 1.0717
60897.86305 3.6668
60897.86449 1.0968
60897.86449 3.7669
60898.82136 1.3001
60898.82136 4.0525
60898.8228 1.3306
60898.8228 4.0877
60898.82425 1.3617
60898.82425 4.1232
60898.82569 1.3936
60898.82569 4.159
60899.23251 0.7868
60899.23251 2.5588
60899.23395 0.8052
60899.23395 2.6286
60899.23539 0.824
60899.23539 2.7004
60899.23683 0.8433
60899.23683 2.7741
60899.43785 1.4266
60899.43785 4.1957
60899.43929 1.46
60899.43929 4.2321
60899.44073 1.4941
60899.44073 4.2688
60899.44217 1.5291
60899.44217 4.3059
60899.84832 0.8635
60899.84832 2.8516
60899.84976 0.8837
60899.84976 2.9295
60899.8512 0.9044
60899.8512 3.0095
60899.85265 0.9256
60899.85265 3.0916
60900.0533 2.3025
60900.0533 4.9218
60905.39494 0.9514
60905.39494 3.1922
60905.39638 0.9736
60905.39638 3.2792
60905.39782 0.9964
60905.39782 3.3686
60905.39926 1.0196
60905.39926 3.4604
60905.53056 1.5845
60905.53056 4.3636
60906.76173 0.8115
60906.76173 2.6525
60906.76317 0.8303
60906.76317 2.7243
60906.76461 0.8496
60906.76461 2.7981
60906.76605 0.8693
60906.76605 2.8739
60907.24306 1.5711
60907.24306 4.3498
60907.85982 0.7566
60907.85982 2.4448
60907.86126 0.7743
60907.86126 2.5114
60908.74926 1.0457
60908.74926 3.5636
60908.7507 1.0701
60908.7507 3.6606
60909.64009 0.8894
60909.64009 2.9512
60909.64153 0.91
60909.64153 3.0312
60909.64297 0.9312
60909.64297 3.1134
60909.64441 0.9528
60909.64441 3.1978
60910.0504 0.975
60910.0504 3.2846
60910.05184 0.9977
60910.05184 3.3736
60910.05329 1.0208
60910.05329 3.4651
60910.05473 1.0446
60910.05473 3.559
60910.94155 1.069
60910.94155 3.656
61051.79639 0.8489
61051.79639 2.7954
61051.79783 0.8294
61051.79783 2.7209
61051.79927 0.8104
61051.79927 2.6484
61051.80071 0.7918
61051.80071 2.5778
61053.09811 0.7711
61053.09811 2.4994
61053.09955 0.7534
61053.09955 2.4328
61053.10099 0.7361
61053.10099 2.368
61053.3035 1.1018
61053.3035 3.787
61053.30494 1.0765
61053.30494 3.6861
61053.30638 1.0518
61053.30638 3.5878
61054.53419 1.0246
61054.53419 3.4801
61054.53563 1.0011
61054.53563 3.3874
61054.53708 0.9782
61054.53708 3.2971
61054.53852 0.9557
61054.53852 3.2092
61054.80748 1.2468
61054.80748 3.9895
61054.80892 1.2182
61054.80892 3.9551
61054.81036 1.1904
61054.81036 3.9211
61054.8118 1.1631
61054.8118 3.8873
61055.62866 1.1349
61055.62866 3.8517
61055.6301 1.1089
61055.6301 3.8186
61055.76609 0.9312
61055.76609 3.1133
61055.76753 0.9098
61055.76753 3.0303
61055.76897 0.8889
61055.76897 2.9496
61055.77041 0.8685
61055.77041 2.8709
61056.65902 1.6178
61056.65902 4.3977
61056.66046 1.5808
61056.66046 4.3598
61056.6619 1.5447
61056.6619 4.3223
61057.06775 0.8462
61057.06775 2.7853
61057.61425 1.507
61057.61425 4.2826
61057.61569 1.4726
61057.61569 4.2457
61057.61713 1.4389
61057.61713 4.2092
61057.61857 1.406
61057.61857 4.1729
61057.81961 1.8422
61057.81961 4.5859
61057.82105 1.8004
61057.82105 4.5527
61057.82249 1.7596
61057.82249 4.5197
61057.82393 1.7197
61057.82393 4.4869
61058.98416 1.3712
61058.98416 4.134
61058.9856 1.3399
61058.9856 4.0984
61058.98704 1.3093
61058.98704 4.0632
61058.98848 1.2794
61058.98848 4.0282
61059.53169 1.6786
61059.53169 4.4527
61059.53313 1.6406
61059.53313 4.4204
61059.87407 2.4442
61059.87407 5.0159
61059.87551 2.3888
61059.87551 4.9796
61059.87696 2.3347
61059.87696 4.9435
61059.8784 2.2818
61059.8784 4.9078
61060.08088 1.2485
61060.08088 3.9916
61060.69554 2.2289
61060.69554 4.8714
61060.69698 2.1784
61060.69698 4.8362
61060.69842 2.1291
61060.69842 4.8012
61060.69986 2.0809
61060.69986 4.7665
61061.0376 1.8401
61061.0376 4.5842
61061.03905 1.7986
61061.03905 4.5512
61061.04049 1.7581
61061.04049 4.5184
61061.04193 1.7184
61061.04193 4.4859
61061.92683 2.0328
61061.92683 4.7312
61061.92828 1.9868
61061.92828 4.6971
61061.92972 1.9419
61061.92972 4.6631
61061.93116 1.898
61061.93116 4.6294
61062.5428 1.6698
61062.5428 4.4452
61062.54424 1.6321
61062.54424 4.4131
61062.74902 2.427
61062.74902 5.0047
61062.75047 2.3722
61062.75047 4.9686
61062.75191 2.3186
61062.75191 4.9327
61062.75335 2.2663
61062.75335 4.8971
61064.25565 2.2036
61064.25565 4.8538
61064.2571 2.1537
61064.2571 4.8187
61064.25854 2.105
61064.25854 4.7839
61064.25998 2.0573
61064.25998 4.7493
61069.25013 1.9795
61069.25013 4.6916
61069.25157 1.9345
61069.25157 4.6575
61069.25302 1.8905
61069.25302 4.6237
61069.25446 1.8476
61069.25446 4.5901
