MJD WL
60715.74952 1.7801
60715.74952 4.5363
60715.75096 1.8214
60715.75096 4.5694
60715.7524 1.8637
60715.7524 4.6027
60715.75384 1.9069
60715.75384 4.6363
60717.05145 1.8943
60717.05145 4.6266
60717.05289 1.9381
60717.05289 4.6602
60717.05434 1.9829
60717.05434 4.6941
60717.05578 2.0287
60717.05578 4.7282
60719.03725 1.6447
60719.03725 4.4239
60719.03869 1.6828
60719.03869 4.4562
60719.04013 1.7218
60719.04013 4.4887
60719.04157 1.7618
60719.04157 4.5214
60719.86013 1.7579
60719.86013 4.5183
60719.86157 1.7988
60719.86157 4.5513
60719.86301 1.8405
60719.86301 4.5846
60719.86445 1.8833
60719.86445 4.6181
60720.88715 1.5499
60720.88715 4.3277
60720.88859 1.586
60720.88859 4.3651
60720.89003 1.6229
60720.89003 4.4028
60721.84703 1.6618
60721.84703 4.442
60722.32588 1.7936
60722.32588 4.5471
60722.32732 1.8353
60722.32732 4.5804
60722.32876 1.8779
60722.32876 4.6139
60722.3302 1.9216
60722.3302 4.6476
60723.35331 1.9113
60723.35331 4.6397
60723.35475 1.9557
60723.35475 4.6736
60723.3562 2.0011
60723.3562 4.7078
60723.35764 2.0476
60723.35764 4.7422
60723.42288 1.1088
60723.42288 3.8184
60723.42432 1.1346
60723.42432 3.8514
60723.42576 1.1611
60723.42576 3.8847
60724.24443 1.4066
60724.24443 4.1736
60724.24588 1.4394
60724.24588 4.2097
60724.24732 1.473
60724.24732 4.2462
60724.24876 1.5074
60724.24876 4.283
60724.51783 1.1576
60724.51783 3.8804
60724.51927 1.1845
60724.51927 3.9138
60724.52071 1.212
60724.52071 3.9476
60724.52216 1.2402
60724.52216 3.9817
60724.99341 1.5799
60724.99341 4.3589
60724.99485 1.6168
60724.99485 4.3967
60729.03935 1.7469
60729.03935 4.5093
60729.04079 1.7875
60729.04079 4.5423
60730.3415 1.4901
60730.3415 4.2645
60730.34294 1.5248
60730.34294 4.3013
60730.34438 1.5602
60730.34438 4.3385
60730.34582 1.5965
60730.34582 4.3759
60730.75247 1.6161
60730.75247 4.3959
60730.75391 1.6536
60730.75391 4.4338
60730.82265 1.6114
60730.82265 4.3954
60730.88903 1.2534
60730.88903 3.9974
60730.89047 1.2824
60730.89047 4.0318
60730.89191 1.3121
60730.89191 4.0665
60730.89335 1.3426
60730.89335 4.1015
60731.91591 1.3258
60731.91591 4.0823
60731.91736 1.3566
60731.91736 4.1175
60731.9188 1.3882
60731.9188 4.1531
60731.92024 1.4205
60731.92024 4.1889
60732.602 1.6011
60732.602 4.3806
60732.9452 0.746
60732.9452 2.4051
60732.94664 0.7635
60732.94664 2.4708
60732.94808 0.7813
60732.94808 2.5382
60733.21845 1.3908
60733.21845 4.156
60733.2199 1.4233
60733.2199 4.192
60733.22134 1.4565
60733.22134 4.2282
60733.22278 1.4904
60733.22278 4.2648
60734.38254 0.7645
60734.38254 2.4747
60734.38399 0.7824
60734.38399 2.5423
60734.38543 0.8008
60734.38543 2.6118
60734.38687 0.8195
60734.38687 2.6832
60734.9304 0.8249
60734.9304 2.7037
60734.93184 0.8442
60734.93184 2.7776
60734.93328 0.864
60734.93328 2.8535
60734.93472 0.8843
60734.93472 2.9316
60735.54978 1.0358
60735.54978 3.5241
60735.55122 1.0598
60735.55122 3.6193
60735.61566 0.8865
60735.61566 2.94
60735.6171 0.9072
60735.6171 3.0204
60735.61854 0.9285
60735.61854 3.1029
60735.61998 0.9503
60735.61998 3.1878
60737.32818 0.9242
60737.32818 3.0864
60737.87581 0.9999
60737.87581 3.3825
60737.87725 1.0232
60737.87725 3.4745
60737.87869 1.0471
60737.87869 3.569
60739.65664 0.7793
60739.65664 2.5303
60739.65808 0.7974
60739.65808 2.5988
60739.65952 0.8159
60739.65952 2.6693
60739.66096 0.8348
60739.66096 2.7416
60740.6158 0.8251
60740.6158 2.7044
60899.18908 0.9072
60899.18908 3.0203
60899.19052 0.8864
60899.19052 2.9398
60899.32578 0.8631
60899.32578 2.8502
60899.32722 0.8433
60899.32722 2.7742
60899.32866 0.824
60899.32866 2.7002
60899.3301 0.8051
60899.3301 2.6282
60899.53153 0.7827
60899.53153 2.5434
60899.53297 0.7648
60899.53297 2.4756
60899.53441 0.7472
60899.53441 2.4096
60901.79089 0.9004
60901.79089 2.9938
60901.79233 0.8798
60901.79233 2.9143
60901.79377 0.8597
60901.79377 2.8369
60901.92828 1.1048
60901.92828 3.7993
60901.92972 1.0796
60901.92972 3.6984
60901.93116 1.0549
60901.93116 3.6002
60901.9326 1.0308
60901.9326 3.5047
60905.14853 1.0951
60905.14853 3.7601
60905.14998 1.0699
60905.14998 3.6599
60905.15142 1.0454
60905.15142 3.5622
60905.48874 0.7587
60905.48874 2.4528
60905.49018 0.7413
60905.49018 2.3874
60905.7631 1.0038
60905.7631 3.3977
60905.76454 0.9807
60905.76454 3.307
60905.76598 0.9582
60905.76598 3.2187
60905.76742 0.9362
60905.76742 3.1328
60906.37879 0.8993
60906.37879 2.9895
60906.38024 0.8786
60906.38024 2.9097
60906.38168 0.8584
60906.38168 2.832
60906.38312 0.8387
60906.38312 2.7564
60906.51583 0.7795
60906.51583 2.5311
60906.51727 0.7616
60906.51727 2.4635
60906.51871 0.7441
60906.51871 2.3978
60907.82091 1.1134
60907.82091 3.8336
60907.82235 1.088
60907.82235 3.7318
60908.22773 0.781
60908.22773 2.5368
60908.22917 0.763
60908.22917 2.4691
60908.29782 1.0523
60908.29782 3.5899
60908.57357 1.11
60908.57357 3.82
60908.57501 1.0847
60908.57501 3.7186
60908.77646 1.4972
60908.77646 4.2721
60908.7779 1.463
60908.7779 4.2353
60908.77934 1.4296
60908.77934 4.1989
60908.78078 1.397
60908.78078 4.1628
60909.66689 1.3386
60909.66689 4.0969
60909.66834 1.3081
60909.66834 4.0618
60909.66978 1.2783
60909.66978 4.027
60910.2141 1.2353
60910.2141 3.9757
60910.21554 1.2072
60910.21554 3.9417
60910.21698 1.1797
60910.21698 3.908
60910.21843 1.1529
60910.21843 3.8745
60910.48794 1.0003
60910.48794 3.3842
60910.48939 0.9774
60910.48939 3.294
60911.17296 1.4016
60911.17296 4.168
60911.1744 1.3695
60911.1744 4.1321
60911.17584 1.3382
60911.17584 4.0965
60911.17728 1.3076
60911.17728 4.0613
60912.8159 1.5854
60912.8159 4.3644
60912.81735 1.5491
60912.81735 4.3268
60912.81879 1.5136
60912.81879 4.2895
60912.82023 1.479
60912.82023 4.2526
60913.02129 1.2091
60913.02129 3.944
60913.02273 1.1814
60913.02273 3.9099
60913.02417 1.1543
60913.02417 3.8762
60913.02561 1.1278
60913.02561 3.8428
60913.09023 1.4357
60913.09023 4.2057
60913.09167 1.4029
60913.09167 4.1694
60913.09311 1.3708
60913.09311 4.1335
60913.09455 1.3394
60913.09455 4.0979
60913.29551 1.0936
60913.29551 3.7988
60914.32329 1.5663
60914.32329 4.3448
60915.07704 1.6135
60915.07704 4.3932
60915.07848 1.5767
60915.07848 4.3556
60915.07992 1.5408
60915.07992 4.3182
60915.08136 1.5057
60915.08136 4.2812
60915.1446 1.8666
60915.1446 4.6051
60915.14604 1.8242
60915.14604 4.5716
60915.14749 1.7826
60915.14749 4.5384
60915.14893 1.7421
60915.14893 4.5054
60915.21261 1.7
60915.21261 4.4705
60915.21405 1.6613
60915.21405 4.4381
60915.21549 1.6235
60915.21549 4.4058
60915.48798 1.4524
60915.48798 4.2239
60915.48942 1.4193
60915.48942 4.1876
60915.49086 1.3869
60915.49086 4.1516
60915.49231 1.3553
60915.49231 4.1159
60916.58171 1.2221
60916.58171 3.9599
60916.65109 1.2772
60916.65109 4.0256
60916.65253 1.248
60916.65253 3.991
60917.8167 2.4173
60917.8167 4.9983
60917.81814 2.3622
60917.81814 4.9619
60917.81959 2.3083
60917.81959 4.9258
60917.82103 2.2557
60917.82103 4.8899
60917.95194 1.7471
60917.95194 4.5095
60917.95338 1.7074
60917.95338 4.4768
60917.95482 1.6687
60917.95482 4.4443
60917.95626 1.6308
60917.95626 4.412
60918.0256 2.1922
60918.0256 4.8458
60918.02705 2.1422
60918.02705 4.8105
60918.09461 2.0897
60918.09461 4.7728
60918.09605 2.042
60918.09605 4.738
60918.16153 1.9921
60918.16153 4.701
60918.16298 1.9466
60918.16298 4.6667
60918.16442 1.9022
60918.16442 4.6327
60918.23265 1.8556
60918.23265 4.5964
60918.29622 1.8103
60918.29622 4.5606
60918.29766 1.769
60918.29766 4.5273
60918.2991 1.7287
60918.2991 4.4944
60918.50737 1.3908
60918.50737 4.156
60918.85004 0.8361
60918.85004 2.7466
60918.9184 0.8154
60918.9184 2.6675
60918.98651 1.2515
60918.98651 3.9952
60919.12369 1.2185
60919.12369 3.9555
60919.26019 1.8497
60919.26019 4.5918
60919.39711 1.8017
60919.39711 4.5536
60919.46551 1.7578
60919.46551 4.5182
60919.53391 1.715
60919.53391 4.483
60919.80771 1.65
60919.80771 4.4285
60919.8766 1.865
60919.8766 4.6038
60920.0133 1.9465
60920.0133 4.6666
60920.14829 1.5317
60920.14829 4.3087
60920.14973 1.4966
60920.14973 4.2715
60920.15117 1.4624
60920.15117 4.2347
60920.21925 2.0756
60920.21925 4.7626
60920.28727 2.0253
60920.28727 4.7257
60920.42497 1.6186
60920.42497 4.3984
60920.49292 2.3136
60920.49292 4.9293
60920.76363 2.4268
60920.76363 5.0045
60920.76507 2.3715
60920.76507 4.9681
60920.83463 2.386
60920.83463 4.9777
